label,Depth CSF-A (m),Porosity (vol%),NGR total counts (cps),Reflectance L*,Reflectance a*,Reflectance b*
317-U1351A-001H-1-0.265,0.26,57.0,23.219,43.0,-2.5,10.1
342-U1409A-001H-1-0.26,0.26,79.9,20.35,53.4,1.5,1.9
342-U1409A-001H-1-0.26,0.26,79.9,20.35,53.4,1.5,1.9
342-U1408A-001H-1-0.37,0.37,64.1,23.01,47.9,3.2,6.1
342-U1407A-001H-1-0.38,0.38,54.9,24.46,51.3,4.7,8.4
342-U1404A-001H-1-0.38,0.38,73.6,23.47,47.2,6.6,13.0
342-U1403A-001H-1-0.38,0.38,72.5,22.93,44.5,6.5,22.7
342-U1402B-001H-1-0.38,0.38,60.8,43.69,31.1,0.5,7.9
342-U1406A-001H-1-0.38,0.38,70.1,15.24,61.0,5.9,11.0
342-U1405A-001H-1-0.46,0.46,73.4,16.37,53.7,8.2,11.4
342-U1405A-001H-1-0.46,0.46,73.4,16.37,53.7,8.2,11.4
194-1196A-001R-1-0.54,0.54,20.9,20.0,43.43,-1.02,6.76
359-U1467B-001H-1-0.56,0.56,70.5,6.072,37.8,0.7,5.9
359-U1471A-001H-1-0.6,0.6,71.6,5.808,32.2,1.9,5.6
359-U1470A-001H-1-0.69,0.69,68.5,7.644,38.4,2.7,1.1
359-U1465A-001H-1-0.69,0.69,65.3,9.151,51.9,4.6,9.4
194-1197A-001H-1-0.7,0.7,61.6,19.6,42.16,0.43,7.18
359-U1467A-001H-1-0.74,0.74,72.2,6.771,37.9,0.6,4.6
359-U1468A-001H-1-0.74,0.74,81.0,4.608,38.6,1.7,8.3
359-U1466A-001H-1-0.74,0.74,69.8,8.898,45.6,3.1,6.3
317-U1351B-001H-1-0.775,0.78,57.0,16.172454545454542,40.9,-1.6,6.6
194-1194A-001H-1-0.8,0.8,64.0,26.4,71.64,2.26,15.58
194-1192A-001H-1-0.8,0.8,58.9,21.6,64.9,6.77,29.16
194-1195A-001H-1-0.8,0.8,65.7,19.0,54.33,1.28,8.44
194-1195B-001H-1-0.8,0.8,67.4,16.4,55.79,2.23,13.47
194-1198A-001H-1-0.8,0.8,56.8,21.8,51.16,0.64,8.57
194-1199A-001R-1-0.81,0.81,22.0,18.8,74.45,0.79,7.08
194-1199A-001R-1-0.81,0.81,22.0,18.8,74.45,0.79,7.08
317-U1352B-001H-1-0.89,0.89,63.5,27.015,42.9,-0.1,1.8
342-U1402B-001H-1-1.13,1.13,64.2,52.26,32.0,4.7,16.0
342-U1402B-001H-1-1.13,1.13,64.2,52.26,32.0,4.7,16.0
342-U1411B-002H-1-0.38,1.28,67.1,22.0,54.4,2.6,3.0
342-U1411B-002H-1-0.38,1.28,67.1,22.0,54.4,2.6,3.0
317-U1352B-001H-1-1.29,1.29,54.1,29.712,47.3,-1.3,0.3
372-U1517C-001H-1-1.37,1.37,67.9,28.269,42.81,-0.07,2.43
317-U1354B-001H-1-1.45,1.45,59.5,30.921,50.4,-1.8,5.2
317-U1354B-001H-1-1.48,1.48,59.1,30.921,50.4,-1.8,5.2
342-U1409A-002H-1-0.38,1.48,76.4,21.07,51.7,5.7,5.5
342-U1410A-001H-1-1.48,1.48,68.6,20.28,52.0,1.2,1.4
342-U1404A-001H-2-0.26,1.76,73.8,24.34,44.1,6.5,15.8
317-U1352B-001H-2-0.34,1.84,42.8,61.816,45.8,-0.1,-3.3
317-U1352B-001H-2-0.34,1.84,42.8,61.816,45.8,-0.1,-3.3
342-U1408A-001H-2-0.37,1.87,76.1,19.77,59.3,6.6,4.9
342-U1407A-001H-2-0.38,1.88,70.7,21.6,48.6,8.7,13.3
342-U1403A-001H-2-0.38,1.88,69.5,22.5,46.4,6.0,13.0
342-U1403A-001H-2-0.38,1.88,69.5,22.5,46.4,6.0,13.0
342-U1410A-001H-2-0.38,1.88,71.3,18.98,57.4,2.2,-2.6
342-U1406A-001H-2-0.38,1.88,70.3,16.87,50.7,7.2,13.8
342-U1402B-001H-2-0.38,1.88,64.3,50.21,36.4,1.5,7.9
317-U1351A-001H-2-0.41,1.91,56.5,31.05,46.1,-2.3,6.5
359-U1465A-001H-2-0.57,1.96,73.6,2.676,46.3,2.2,6.3
194-1192B-001H-2-0.5,2.0,60.7,33.6,46.38,2.45,9.05
317-U1351B-001H-2-0.695,2.2,53.9,20.558000000000003,41.1,-1.7,3.9
342-U1405A-001H-2-0.7,2.2,66.1,23.04,53.3,4.9,9.6
317-U1353B-001H-2-0.71,2.21,55.8,33.408,42.9,-1.5,4.4
359-U1466A-001H-2-0.71,2.21,74.6,5.651,44.7,2.4,4.1
194-1198A-001H-2-0.8,2.3,63.6,22.8,58.21,-0.14,9.43
194-1197A-001H-2-0.8,2.3,63.9,19.8,56.86,2.11,13.78
194-1195B-001H-2-0.8,2.3,69.6,23.4,61.8,1.58,12.8
194-1195A-001H-2-0.8,2.3,66.7,26.4,61.51,1.66,11.76
194-1192A-001H-2-0.8,2.3,66.1,19.4,67.66,2.57,15.87
194-1193A-001H-2-0.8,2.3,62.9,29.6,61.6,1.89,12.94
194-1194A-001H-2-0.8,2.3,73.0,35.0,63.84,2.48,16.36
372-U1517C-001H-2-1.04,2.54,65.4,32.492,42.85,-0.5,1.97
317-U1352B-001H-2-1.09,2.59,51.4,49.966,52.2,-0.1,-1.2
342-U1402B-001H-2-1.12,2.62,65.8,51.82,36.4,-0.2,7.2
359-U1470A-002H-1-0.55,2.65,71.4,33.463,33.3,2.4,2.2
317-U1353A-001H-2-1.26,2.76,58.8,30.484,47.1,-1.9,5.7
342-U1411B-002H-2-0.38,2.78,61.0,29.89,48.0,3.2,3.0
342-U1411B-002H-2-0.38,2.78,61.0,29.89,48.0,3.2,3.0
317-U1351A-002H-1-0.085,2.78,56.8,21.421,44.1,-1.7,7.8
317-U1353A-001H-2-1.28,2.78,58.5,30.484,47.1,-1.9,5.7
359-U1468A-001H-3-0.33,2.81,78.6,8.017,41.3,1.9,4.8
359-U1467B-001H-3-0.43,2.83,72.5,16.615,41.3,1.0,8.4
342-U1404A-001H-3-0.2,2.91,70.1,28.46,46.4,5.4,11.1
372-U1517C-001H-2-1.42,2.92,51.7,36.112,39.65,0.3,0.17
359-U1467A-001H-3-0.27,2.97,68.8,10.991,42.8,0.6,6.5
342-U1409A-002H-2-0.38,2.98,78.3,21.49,53.7,3.9,1.4
317-U1351A-002H-1-0.355,3.06,57.5,32.276,42.3,-3.0,6.7
317-U1351A-002H-1-0.355,3.06,57.5,32.276,42.3,-3.0,6.7
317-U1354B-001H-3-0.13,3.13,51.2,35.299,45.5,-0.7,1.8
359-U1471A-001H-3-0.49,3.2,72.0,15.463,39.8,1.3,8.8
359-U1465A-001H-3-0.69,3.25,77.0,3.824,46.3,2.3,7.3
342-U1408A-001H-3-0.32,3.32,67.4,21.67,52.8,4.8,7.0
372-U1517C-001H-3-0.35,3.35,62.4,36.525,41.89,-0.13,1.88
342-U1407A-001H-3-0.38,3.38,67.4,15.29,59.5,5.4,11.8
342-U1405A-001H-3-0.38,3.38,68.5,22.71,51.8,7.7,11.6
342-U1406A-001H-3-0.38,3.38,80.6,8.95,70.1,4.1,14.5
342-U1403A-001H-3-0.43,3.43,72.0,31.33,16.0,,-10.5
359-U1466A-001H-3-0.49,3.5,72.8,6.44,40.0,1.7,6.5
342-U1410A-001H-3-0.6,3.6,68.2,22.28,49.4,9.8,7.4
194-1192A-001H-3-0.7,3.7,65.8,27.4,56.78,-0.08,10.43
317-U1351B-001H-3-0.745,3.74,49.1,35.719500000000004,46.8,-1.0,0.8
194-1195B-001H-3-0.8,3.8,64.0,19.0,65.31,2.53,16.52
194-1198A-001H-3-0.8,3.8,63.7,30.8,64.45,-0.04,11.38
194-1197A-001H-3-0.8,3.8,64.0,21.6,63.16,1.1,11.75
194-1195B-001H-3-0.8,3.8,64.0,19.0,65.31,2.53,16.52
194-1195A-001H-3-0.8,3.8,62.2,20.2,57.88,5.23,20.3
194-1194A-001H-3-0.8,3.8,63.7,40.6,59.93,2.3,16.96
194-1193A-001H-3-0.8,3.8,65.3,44.8,61.13,0.38,10.78
317-U1352B-001H-3-0.89,3.89,43.3,59.045,48.0,0.1,-2.6
317-U1354B-001H-3-0.98,3.98,45.6,40.398,35.4,-0.9,1.6
342-U1404A-001H-4-0.29,3.99,71.2,46.05,54.4,3.1,9.0
359-U1468A-002H-1-0.6,4.0,78.3,24.091,40.3,3.0,8.3
359-U1471A-001H-4-0.3,4.02,70.3,15.667,37.7,1.4,5.5
359-U1467A-002H-1-0.6,4.1,67.7,15.608,46.8,1.6,8.9
359-U1467B-002H-1-0.73,4.23,67.4,16.391,39.9,0.7,7.8
342-U1411B-002H-3-0.38,4.28,68.2,18.05,55.6,4.2,9.6
342-U1411B-002H-3-0.38,4.28,68.2,18.05,55.6,4.2,9.6
194-1195A-001H-4-0.3,4.3,72.4,16.4,62.43,2.58,13.44
372-U1517C-001H-3-1.35,4.35,58.6,37.803,39.14,0.84,0.92
359-U1466A-001H-4-0.39,4.41,76.1,6.927,42.9,2.3,5.9
342-U1409A-002H-3-0.38,4.48,78.2,14.54,57.6,2.2,0.3
359-U1465A-001H-4-0.66,4.63,76.2,3.731,45.2,2.9,4.7
194-1198A-001H-4-0.2,4.7,59.0,27.8,56.33,1.32,10.52
342-U1406A-001H-4-0.22,4.72,78.8,10.27,73.2,3.7,12.0
342-U1405A-001H-4-0.38,4.88,66.8,25.71,44.2,7.1,15.4
342-U1405A-001H-4-0.38,4.88,66.8,25.71,44.2,7.1,15.4
342-U1407A-001H-4-0.38,4.88,47.3,21.97,50.6,5.1,10.3
317-U1353A-001H-4-0.41,4.91,55.4,35.097,36.3,-1.8,4.9
317-U1351A-002H-2-0.745,4.94,43.8,53.452,41.6,-1.4,1.9
342-U1410A-001H-4-0.46,4.96,70.9,23.0,49.6,0.7,-0.5
359-U1471A-002H-1-0.52,5.12,73.2,13.53,36.1,1.6,5.9
359-U1471A-002H-1-0.52,5.12,73.2,13.53,36.1,1.6,5.9
372-U1517C-001H-4-0.68,5.18,50.7,43.66,38.89,0.93,-1.17
372-U1517C-001H-4-0.68,5.18,50.7,43.66,38.89,0.93,-1.17
317-U1352B-001H-4-0.69,5.19,42.6,58.738,43.4,-0.4,-2.5
317-U1351B-001H-4-0.695,5.2,48.7,37.9856,43.5,-1.4,0.1
317-U1354B-002H-1-1.14,5.24,48.0,47.45,44.7,-0.1,1.1
359-U1470A-002H-3-0.69,5.24,78.0,28.611,33.6,1.8,1.8
342-U1408A-002H-1-0.97,5.27,44.6,20.72,51.0,5.7,7.4
194-1192A-001H-4-0.8,5.3,63.1,26.6,55.5,-0.25,10.85
194-1197A-001H-4-0.8,5.3,67.5,13.4,60.34,2.24,16.47
194-1195B-001H-4-0.8,5.3,74.6,15.6,67.05,3.04,18.47
194-1193A-001H-4-0.8,5.3,63.4,59.6,58.7,-0.06,12.59
194-1195A-002H-1-0.8,5.5,69.6,16.2,64.25,3.59,20.16
194-1194A-002H-1-0.8,5.5,66.3,37.2,54.04,-0.33,10.62
342-U1406A-001H-5-0.15,5.65,79.4,12.99,61.7,3.3,8.9
342-U1406A-001H-5-0.15,5.65,79.4,12.99,61.7,3.3,8.9
342-U1404A-002H-1-1.0,5.7,71.1,24.33,54.9,5.9,16.4
342-U1404A-002H-1-1.0,5.7,71.1,24.33,54.9,5.9,16.4
359-U1466A-002H-1-0.75,5.75,78.8,3.131,50.7,3.3,6.8
342-U1411B-002H-4-0.38,5.78,75.5,21.46,48.4,3.8,2.2
194-1198A-002H-1-0.8,5.8,61.3,23.0,52.62,0.07,9.62
194-1198A-002H-1-0.8,5.8,61.3,23.0,52.62,0.07,9.62
359-U1465A-001H-5-0.44,5.83,76.4,3.659,46.5,3.1,6.9
317-U1353B-001H-4-1.45,5.95,60.0,31.271,43.9,-1.7,5.0
342-U1409A-002H-4-0.38,5.98,77.2,28.03,47.0,0.8,0.6
317-U1353B-001H-4-1.48,5.98,62.2,31.271,43.9,-1.7,5.0
342-U1403A-002H-1-0.38,6.18,69.0,29.39,40.4,5.8,20.0
342-U1408A-002H-2-0.38,6.18,71.3,19.42,50.1,6.1,6.4
342-U1407A-001H-5-0.2,6.2,70.3,17.59,51.4,8.2,11.7
194-1193A-001H-5-0.2,6.2,58.5,43.6,50.23,-0.19,10.09
342-U1402B-001H-5-0.23,6.23,61.7,53.67,31.3,-0.5,3.1
342-U1410A-001H-5-0.3,6.3,74.8,22.25,48.3,1.0,2.4
317-U1351A-002H-3-0.695,6.4,46.5,60.062,42.6,-1.5,0.9
342-U1404A-002H-2-0.27,6.47,74.1,23.24,55.7,5.1,12.7
342-U1405A-002H-1-0.38,6.58,68.0,39.14,49.5,6.6,14.2
342-U1406A-002H-1-0.38,6.58,81.1,10.04,66.7,5.4,12.5
359-U1465A-001H-6-0.3,6.6,66.6,6.144,46.6,3.5,10.1
342-U1402B-001H-5-0.63,6.63,62.0,55.03,32.0,-0.3,2.7
359-U1468A-002H-3-0.7,6.7,79.8,25.864,45.0,2.9,6.8
359-U1468A-002H-3-0.7,6.7,79.8,25.864,45.0,2.9,6.8
317-U1351B-001H-5-0.745,6.74,47.4,37.858,38.3,-0.9,0.1
194-1192A-001H-5-0.8,6.8,66.8,24.0,55.4,-0.28,9.09
194-1195B-001H-5-0.8,6.8,67.9,32.8,59.04,0.44,10.3
317-U1352B-001H-5-0.89,6.89,46.0,57.018,46.1,-0.8,-1.5
194-1197A-002H-1-0.8,6.9,66.7,15.8,71.36,0.49,10.75
194-1194A-002H-2-0.8,7.0,67.0,30.4,48.13,-0.54,10.46
194-1195A-002H-2-0.8,7.0,61.1,33.8,56.03,0.33,9.52
372-U1517C-002H-1-1.35,7.05,47.6,40.512,39.47,0.94,-0.86
342-U1402B-002H-1-0.08,7.08,59.6,39.37,31.8,-1.4,0.8
342-U1407A-002H-1-0.35,7.15,63.0,24.05,48.4,3.8,4.8
317-U1351B-001H-6-0.195,7.2,48.9,33.2796,36.6,0.1,-1.0
317-U1353B-001H-6-0.22,7.22,53.8,36.226,40.9,-1.6,3.2
359-U1467B-002H-3-0.73,7.23,68.0,20.954,45.9,1.0,8.9
359-U1467A-002H-3-0.75,7.25,66.9,23.224,44.0,1.1,9.3
342-U1411B-002H-5-0.36,7.26,71.9,21.73,54.4,5.4,6.9
359-U1466A-002H-2-0.77,7.28,69.6,5.951,48.9,3.5,9.0
194-1198A-002H-2-0.8,7.3,58.7,44.4,55.0,-0.42,7.32
194-1193A-002H-1-0.7,7.3,59.3,25.4,53.21,-1.78,9.44
342-U1404A-002H-3-0.27,7.42,75.8,20.64,51.5,5.7,15.0
342-U1409A-002H-5-0.38,7.48,70.2,26.13,52.3,0.8,-0.7
342-U1403A-002H-2-0.26,7.56,68.4,29.45,38.6,7.2,26.2
342-U1408A-002H-3-0.38,7.68,70.2,21.3,46.6,6.0,10.8
342-U1410A-001H-6-0.2,7.7,68.0,12.24,52.2,0.8,1.8
194-1195B-001H-6-0.2,7.7,64.3,31.8,60.27,-0.18,9.42
317-U1352B-001H-6-0.41,7.81,48.0,54.075,45.3,-0.6,-2.1
359-U1465A-002H-1-0.74,7.84,59.5,10.467,51.8,4.9,7.6
359-U1470A-002H-5-0.69,8.05,70.0,80.548,48.1,3.1,5.0
342-U1406A-002H-2-0.38,8.08,82.5,10.58,71.8,3.5,11.7
342-U1406A-002H-2-0.38,8.08,82.5,10.58,71.8,3.5,11.7
342-U1405A-002H-2-0.38,8.08,70.5,23.85,53.5,5.3,15.4
317-U1351B-002H-1-0.315,8.12,51.2,52.276,45.6,-0.4,-0.1
317-U1353A-002H-2-1.16,8.16,53.7,36.655,44.9,-2.2,5.6
317-U1353A-002H-2-1.18,8.18,51.9,36.655,44.9,-2.2,5.6
194-1192A-001H-6-0.8,8.3,65.6,25.2,52.07,0.2,10.2
194-1192A-001H-6-0.8,8.3,65.6,25.2,52.07,0.2,10.2
359-U1471A-002H-3-0.77,8.37,70.6,21.718,43.4,1.0,9.4
194-1197A-002H-2-0.8,8.4,60.8,19.6,63.55,1.78,11.46
194-1194A-002H-3-0.8,8.5,61.5,27.2,53.48,-0.81,10.03
194-1195A-002H-3-0.8,8.5,65.2,27.2,63.73,0.32,9.87
372-U1517C-002H-2-1.35,8.55,45.9,42.661,38.68,1.1,-0.1
342-U1411B-002H-6-0.31,8.71,68.8,19.51,50.3,5.1,3.7
342-U1407A-002H-2-0.42,8.72,73.4,46.58,39.4,4.3,11.4
342-U1407A-002H-2-0.42,8.72,73.4,46.58,39.4,4.3,11.4
359-U1466A-002H-3-0.77,8.78,74.4,4.854,50.1,3.3,8.4
194-1198A-002H-3-0.8,8.8,62.3,25.6,65.26,-0.81,9.86
317-U1353B-002H-1-0.83,8.83,39.2,42.911,41.1,-0.5,-0.1
342-U1410A-002H-1-0.39,8.89,45.9,23.91,50.1,1.4,-0.3
194-1193A-002H-2-0.8,8.9,64.6,26.6,53.1,-0.76,10.0
342-U1409A-002H-6-0.38,8.98,70.9,17.94,49.1,3.9,3.7
317-U1352B-002H-1-0.79,8.99,52.4,51.412,44.3,0.5,-3.5
317-U1352B-002H-1-0.79,8.99,52.4,51.412,44.3,0.5,-3.5
317-U1353A-002H-3-0.51,9.01,42.9,38.888,40.3,-1.8,3.6
342-U1404A-002H-4-0.38,9.03,73.2,22.79,53.6,5.4,14.6
342-U1402B-002H-3-0.38,9.12,60.6,52.47,22.3,-0.2,6.0
342-U1403A-002H-3-0.38,9.18,71.6,27.8,38.4,7.2,25.9
342-U1408A-002H-4-0.38,9.18,60.8,19.72,52.9,5.3,5.4
194-1195B-002H-1-0.8,9.2,76.5,24.0,62.25,0.63,13.27
194-1192A-001H-7-0.2,9.2,65.1,22.0,61.9,0.08,10.24
194-1195B-002H-1-0.8,9.2,76.5,24.0,62.25,0.63,13.27
194-1192A-001H-7-0.2,9.2,65.1,22.0,61.9,0.08,10.24
359-U1465A-002H-2-0.74,9.34,68.2,8.641,55.1,4.2,7.9
342-U1405A-002H-3-0.38,9.58,68.0,27.12,52.7,4.8,12.7
342-U1406A-002H-3-0.38,9.58,79.8,10.48,66.7,4.0,14.3
342-U1402B-002H-3-0.9,9.64,62.7,50.26,32.5,-0.2,2.3
317-U1354B-002H-4-1.27,9.87,43.9,36.169,45.0,-1.3,3.0
317-U1354B-002H-4-1.3,9.9,43.1,30.631,45.0,-1.3,3.0
194-1197A-002H-3-0.8,9.9,52.3,18.2,63.47,0.8,13.37
194-1194A-002H-4-0.8,10.0,62.2,24.4,50.32,-0.54,11.84
372-U1517C-002H-3-1.3,10.0,45.7,42.614,40.06,1.08,-1.93
372-U1517C-002H-3-1.3,10.0,45.7,42.614,40.06,1.08,-1.93
194-1195A-002H-4-0.8,10.0,72.1,32.8,61.57,0.63,13.03
194-1195A-002H-4-0.8,10.0,72.1,32.8,61.57,0.63,13.03
342-U1407A-002H-3-0.23,10.03,68.3,26.81,53.6,5.8,14.6
317-U1351B-002H-2-0.765,10.07,51.3,57.485,48.0,-0.8,0.8
342-U1411B-002H-7-0.2,10.1,57.3,30.63,45.6,4.7,7.6
342-U1409A-002H-7-0.13,10.13,79.4,21.57,50.7,-0.1,-0.6
194-1192A-002H-1-0.7,10.2,70.5,26.4,64.28,0.37,12.51
359-U1467A-002H-5-0.75,10.25,67.7,20.534,42.9,1.1,9.7
359-U1466A-002H-4-0.74,10.25,78.4,5.108,43.5,3.2,6.6
194-1198A-002H-4-0.8,10.3,57.8,31.8,61.98,0.3,9.72
342-U1410A-002H-2-0.38,10.38,66.5,17.84,49.3,0.7,0.6
194-1193A-002H-3-0.8,10.4,57.4,28.8,46.12,-0.82,10.06
317-U1352B-002H-2-0.79,10.49,48.1,56.212,49.3,-0.3,-2.4
342-U1404A-002H-5-0.38,10.53,74.6,25.12,56.1,5.1,9.5
342-U1402B-002H-4-0.38,10.56,60.5,53.01,24.6,-1.1,3.3
342-U1408A-002H-5-0.28,10.58,63.5,39.89,48.9,4.4,8.3
342-U1403A-002H-4-0.38,10.68,69.8,28.35,43.5,7.1,26.1
342-U1403A-002H-4-0.38,10.68,69.8,28.35,43.5,7.1,26.1
194-1195B-002H-2-0.8,10.7,66.7,30.2,56.42,0.6,13.62
342-U1411B-003H-1-0.38,10.78,52.6,26.0,52.2,3.3,3.1
342-U1411B-003H-1-0.38,10.78,52.6,26.0,52.2,3.3,3.1
359-U1465A-002H-3-0.74,10.84,67.7,6.944,49.5,3.5,3.9
317-U1353B-002H-2-1.44,10.94,48.9,40.395,,-0.9,2.3
317-U1353B-002H-2-1.48,10.98,47.1,40.395,39.4,-1.2,3.5
342-U1409A-003H-1-0.38,10.98,58.0,30.34,43.5,0.0,1.2
317-U1354B-002H-5-1.13,11.05,40.1,26.776,42.7,-0.3,0.2
342-U1406A-002H-4-0.38,11.08,79.7,9.98,72.8,4.2,11.6
342-U1405A-002H-4-0.38,11.08,70.9,25.88,50.6,4.1,10.8
342-U1406A-002H-4-0.38,11.08,79.7,9.98,72.8,4.2,11.6
342-U1407A-002H-4-0.16,11.26,68.6,27.86,59.5,5.4,13.0
342-U1402B-002H-4-1.13,11.31,61.8,53.2,26.2,0.6,7.6
359-U1471A-002H-5-0.79,11.39,71.2,19.581,44.4,1.2,10.4
194-1197A-002H-4-0.8,11.4,65.1,19.4,67.73,0.92,12.27
194-1194A-002H-5-0.8,11.5,60.4,21.6,50.86,-0.94,10.27
194-1195A-002H-5-0.8,11.5,64.5,37.8,52.78,1.01,11.86
359-U1467B-002H-6-0.51,11.51,68.9,16.119,42.4,1.1,6.3
317-U1353A-003H-2-0.71,11.51,49.2,43.555,36.5,-0.9,2.7
372-U1517C-002H-4-1.32,11.52,44.7,45.125,39.47,1.21,-0.59
359-U1466A-002H-5-0.75,11.76,73.1,10.778,45.7,3.3,5.0
194-1198A-002H-5-0.8,11.8,61.1,24.6,64.79,-0.45,10.98
194-1192A-002H-2-0.8,11.8,66.4,27.4,55.83,0.65,12.65
342-U1407A-002H-5-0.18,11.85,70.7,26.53,63.3,5.7,15.4
342-U1410A-002H-3-0.38,11.88,65.6,20.58,52.05,1.25,-0.35
194-1193A-002H-4-0.8,11.9,64.5,31.6,53.44,-0.92,11.76
194-1193A-002H-4-0.8,11.9,64.5,31.6,53.44,-0.92,11.76
342-U1404A-002H-6-0.27,11.92,78.4,20.56,52.3,4.8,17.1
342-U1402B-002H-5-0.38,11.95,58.2,45.12,21.6,-0.4,15.6
342-U1402B-002H-5-0.38,11.95,58.2,45.12,21.6,-0.4,15.6
342-U1408A-002H-6-0.15,11.95,65.0,27.83,57.1,4.8,10.3
317-U1352B-002H-3-0.79,11.99,39.1,60.418,48.6,-0.2,-3.2
342-U1403A-002H-5-0.38,12.18,69.1,29.51,55.2,5.9,16.9
194-1195B-002H-3-0.8,12.2,68.0,34.2,59.32,0.17,12.41
317-U1351B-002H-3-1.4,12.2,46.3,47.262,44.9,-1.1,2.3
342-U1411B-003H-2-0.38,12.28,51.4,28.75,45.8,2.3,4.6
359-U1470A-003H-1-0.69,12.29,68.0,29.384,34.9,1.3,6.7
317-U1351A-003H-1-0.13,12.33,48.4,44.12,40.7,-1.1,2.4
359-U1465A-002H-4-0.74,12.34,72.7,9.934,49.3,3.2,4.5
342-U1409A-003H-2-0.38,12.48,66.0,25.52,53.7,3.0,2.3
342-U1405A-002H-5-0.38,12.58,71.5,27.71,47.2,5.4,17.2
342-U1405A-002H-5-0.38,12.58,71.5,27.71,47.2,5.4,17.2
342-U1406A-002H-5-0.38,12.58,79.1,10.94,71.4,4.0,11.8
342-U1402B-002H-5-1.13,12.7,57.3,58.68,21.9,-2.0,9.9
194-1197A-002H-5-0.8,12.9,51.6,18.0,64.7,1.24,15.29
342-U1408A-002H-7-0.18,12.99,80.4,20.46,58.5,1.6,11.5
194-1194A-002H-6-0.8,13.0,61.5,25.8,51.56,-0.91,11.71
194-1195A-002H-6-0.8,13.0,69.1,29.0,58.76,0.42,11.85
342-U1404A-002H-7-0.27,13.01,76.5,26.73,43.8,2.7,12.1
372-U1517C-002H-5-1.36,13.06,44.3,48.247,39.61,1.17,-3.21
359-U1466A-002H-6-0.55,13.07,78.3,15.986,48.2,3.3,7.3
317-U1352B-002H-4-0.44,13.14,44.5,55.72,46.2,-0.2,-3.6
317-U1351B-002H-4-0.995,13.3,47.9,52.685,40.1,-0.6,2.3
194-1198A-002H-6-0.8,13.3,61.9,24.8,64.44,-0.55,10.74
194-1192A-002H-3-0.8,13.3,60.9,23.0,56.41,0.05,11.42
194-1198A-002H-6-0.8,13.3,61.9,24.8,64.44,-0.55,10.74
342-U1410A-002H-4-0.38,13.38,67.4,19.77,43.2,-0.1,0.9
342-U1410A-002H-4-0.38,13.38,67.4,19.77,43.2,-0.1,0.9
194-1193A-002H-5-0.8,13.4,53.6,26.8,52.4,-0.44,9.69
342-U1407A-002H-6-0.23,13.4,68.0,25.56,60.35,4.9,11.7
359-U1468A-003H-1-0.64,13.54,57.9,24.621,51.6,2.0,8.3
317-U1354B-004H-1-1.45,13.55,46.2,62.61,46.9,-0.8,1.5
317-U1354B-004H-1-1.48,13.58,45.3,62.61,49.7,-1.4,2.5
342-U1403A-002H-6-0.38,13.68,71.6,29.7,42.6,7.1,27.7
194-1195B-002H-4-0.8,13.7,69.5,21.8,61.06,0.4,12.74
359-U1467B-003H-1-0.73,13.73,75.1,21.544,39.5,1.3,8.8
359-U1467A-003H-1-0.74,13.74,68.8,18.791,43.2,0.8,9.7
342-U1411B-003H-3-0.38,13.78,55.6,32.0,52.0,1.7,0.0
359-U1465A-002H-5-0.74,13.84,67.3,19.704,49.0,4.1,6.3
317-U1352B-002H-4-1.17,13.87,41.3,55.9,45.8,0.7,-3.1
194-1195A-002H-7-0.2,13.9,53.0,25.2,60.65,0.43,10.77
194-1194A-002H-7-0.2,13.9,63.1,23.6,53.61,-0.78,12.48
342-U1405A-002H-6-0.27,13.97,69.8,26.2,53.7,3.9,9.5
342-U1409A-003H-3-0.38,13.98,63.7,23.31,53.5,2.0,2.3
317-U1353B-002H-5-0.21,13.98,44.3,31.959,36.6,0.4,-1.3
342-U1406A-002H-6-0.38,14.08,80.0,9.64,68.7,4.3,14.0
194-1192A-002H-4-0.1,14.1,67.2,30.0,55.82,0.14,11.73
342-U1408A-003H-1-0.38,14.18,79.3,19.33,53.4,4.4,22.0
194-1198A-002H-7-0.2,14.2,66.6,23.4,68.81,-0.5,9.92
317-U1352B-002H-5-0.07,14.27,39.2,52.168,53.3,-0.3,-2.4
372-U1517C-002H-6-1.16,14.36,44.0,46.651,38.88,1.14,-0.99
194-1197A-002H-6-0.8,14.4,65.4,21.8,62.15,0.99,10.91
194-1197A-002H-6-0.8,14.4,65.4,21.8,62.15,0.99,10.91
317-U1351A-003H-2-0.745,14.44,47.2,84.946,41.2,-0.8,2.3
317-U1351B-002H-5-0.995,14.8,46.0,40.238,43.7,-0.9,2.2
317-U1351B-002H-5-0.995,14.8,46.0,40.238,43.7,-0.9,2.2
359-U1471A-003H-1-0.74,14.84,71.7,24.188,44.0,1.4,7.4
342-U1410A-002H-5-0.38,14.88,74.5,25.67,49.4,1.2,1.0
194-1193A-002H-6-0.8,14.9,53.2,35.8,51.8,-0.85,9.26
342-U1407A-002H-7-0.25,14.92,69.2,25.12,60.3,6.3,19.9
342-U1403A-002H-7-0.15,14.95,71.1,26.11,39.1,4.2,29.9
194-1195A-003H-1-0.8,15.0,63.8,32.0,59.08,0.32,11.69
194-1194A-003H-1-0.8,15.0,63.9,25.8,50.84,-1.48,8.9
359-U1465A-002H-6-0.44,15.04,71.2,13.073,45.0,3.4,4.2
372-U1517C-002H-7-0.55,15.05,43.2,45.938,44.53,1.75,-2.25
359-U1470A-003H-3-0.7,15.06,72.6,69.954,45.5,1.8,4.0
342-U1404A-003H-1-0.86,15.06,82.6,22.95,44.2,-1.8,2.4
317-U1353A-003H-4-1.26,15.06,49.4,28.561,33.6,-0.9,1.4
317-U1353A-003H-4-1.28,15.08,47.9,28.561,33.6,-0.9,1.4
194-1195B-002H-5-0.8,15.2,72.1,33.0,61.79,0.8,13.57
359-U1466A-003H-1-0.76,15.26,68.9,33.501,49.5,3.4,9.1
194-1197A-002H-7-0.16,15.26,63.6,19.0,61.67,1.43,12.38
342-U1411B-003H-4-0.38,15.28,75.5,22.23,50.1,-3.5,2.7
194-1198A-003H-1-0.8,15.3,63.7,29.4,51.09,0.1,9.7
194-1193A-002H-7-0.2,15.31,56.8,32.2,49.87,-0.93,9.11
342-U1406A-002H-7-0.18,15.38,79.6,10.17,64.8,3.8,14.5
342-U1405A-002H-7-0.18,15.38,75.5,21.18,51.8,4.2,15.8
342-U1409A-003H-4-0.38,15.48,58.1,31.07,47.6,2.6,5.9
342-U1403A-003H-1-0.38,15.68,77.6,22.44,53.1,5.3,11.9
342-U1408A-003H-2-0.38,15.68,54.7,23.27,58.1,1.9,11.0
342-U1403A-003H-1-0.38,15.68,77.6,22.44,53.1,5.3,11.9
317-U1351A-003H-3-0.74,15.94,37.0,24.975,47.5,-1.5,1.7
342-U1405A-003H-1-0.38,16.08,86.2,13.26,48.6,3.3,16.2
342-U1406A-003H-1-0.38,16.08,76.2,10.66,65.6,3.5,11.8
342-U1404A-003H-2-0.38,16.08,81.2,31.83,38.9,-2.8,5.2
342-U1406A-003H-1-0.38,16.08,76.2,10.66,65.6,3.5,11.8
317-U1351B-002H-6-0.995,16.3,46.8,52.708,39.2,-0.6,-0.8
317-U1354B-004H-3-1.21,16.31,47.1,67.306,47.6,-0.5,1.2
359-U1468A-003H-3-0.71,16.35,80.0,18.191,42.8,1.7,7.5
342-U1410A-002H-6-0.38,16.38,73.2,20.82,48.0,0.4,3.7
194-1197A-003H-1-0.8,16.4,61.3,20.4,63.3,0.73,11.82
317-U1352B-002H-6-0.79,16.49,46.4,53.608,45.0,0.5,-3.5
194-1195A-003H-2-0.8,16.5,70.4,28.6,51.58,0.55,10.83
194-1194A-003H-2-0.8,16.5,64.4,22.2,54.77,-1.1,13.13
372-U1517C-003F-1-1.33,16.53,44.4,45.361,38.07,0.76,-0.44
359-U1466A-003H-2-0.6,16.6,69.8,40.018,46.2,2.7,7.9
194-1195B-002H-6-0.8,16.7,70.1,25.6,63.56,0.87,11.51
359-U1467B-003H-3-0.73,16.73,70.6,21.824,37.8,1.3,5.8
359-U1467B-003H-3-0.73,16.73,70.6,21.824,37.8,1.3,5.8
359-U1467A-003H-3-0.74,16.74,69.7,24.548,39.3,0.9,9.7
317-U1352B-002H-7-0.08,16.78,49.9,51.495,53.6,0.5,-2.6
342-U1411B-003H-5-0.38,16.78,70.9,29.45,45.8,-1.4,3.4
194-1198A-003H-2-0.8,16.8,61.8,27.6,59.16,,8.97
342-U1407A-003H-1-0.52,16.82,68.2,20.16,66.7,6.4,17.6
194-1193A-003H-1-0.8,16.9,67.6,37.6,48.69,-0.28,6.48
342-U1409A-003H-5-0.38,16.98,65.5,31.56,51.4,2.1,0.3
342-U1408A-003H-3-0.38,17.18,73.6,22.29,61.9,2.2,4.3
342-U1403A-003H-2-0.38,17.18,73.9,43.14,49.0,3.9,10.4
317-U1353A-003H-6-0.74,17.25,46.0,32.982,34.8,-0.9,1.1
359-U1465A-003H-1-0.71,17.31,55.1,13.724,54.7,4.5,7.8
317-U1351A-003H-4-0.74,17.44,40.6,67.155,39.4,-0.1,-0.8
342-U1406A-003H-2-0.38,17.46,79.4,15.07,59.9,-1.0,1.9
342-U1406A-003H-2-0.38,17.46,79.4,15.07,59.9,-1.0,1.9
342-U1404A-003H-3-0.38,17.58,77.1,27.86,48.3,0.5,-0.5
342-U1405A-003H-2-0.38,17.59,84.5,17.12,47.2,-3.4,2.1
342-U1410A-002H-7-0.18,17.68,68.4,16.01,54.2,0.7,0.4
317-U1351B-003H-1-1.0,17.7,41.1,53.29,36.7,-0.6,0.0
317-U1353B-003H-1-0.73,17.73,46.7,59.098,44.4,-1.2,1.7
359-U1470A-003H-5-0.69,17.81,74.7,31.934,41.5,1.6,5.5
359-U1471A-003H-3-0.79,17.89,71.3,29.178,41.0,1.4,6.2
194-1197A-003H-2-0.8,17.9,65.1,21.4,63.98,1.24,12.71
194-1194A-003H-3-0.8,18.0,65.3,27.0,52.52,-0.96,9.52
194-1195A-003H-3-0.8,18.0,68.7,27.0,61.96,1.07,10.81
372-U1517C-003F-2-1.32,18.02,45.5,45.759,38.41,0.85,-0.29
342-U1407A-003H-2-0.38,18.18,71.9,18.03,70.7,7.0,17.2
359-U1466A-003H-3-0.7,18.2,64.7,28.561,56.6,2.5,10.7
359-U1466A-003H-3-0.7,18.2,64.7,28.561,56.6,2.5,10.7
342-U1411B-003H-6-0.38,18.28,74.3,35.82,22.7,-1.7,24.6
342-U1411B-003H-6-0.38,18.28,74.3,,22.7,-1.7,24.6
194-1198A-003H-3-0.8,18.3,57.3,24.6,68.35,-0.37,10.81
342-U1409A-003H-6-0.2,18.3,73.3,26.12,56.1,4.2,10.6
342-U1410A-003H-1-0.38,18.38,71.6,14.38,46.7,0.7,-0.1
342-U1410A-003H-1-0.38,18.38,71.6,14.38,46.7,0.7,-0.1
317-U1351A-004H-1-0.195,18.4,35.2,9.015,29.1,1.6,-3.5
194-1193A-003H-2-0.8,18.4,62.2,42.0,52.2,-0.54,10.89
342-U1403A-003H-3-0.38,18.68,72.4,23.62,49.6,4.0,16.3
342-U1408A-003H-4-0.38,18.68,75.8,24.02,57.7,1.8,4.9
194-1195B-003H-1-0.8,18.7,69.0,18.6,54.27,2.16,13.06
194-1195B-003H-1-0.8,18.7,69.0,18.6,54.27,2.16,13.06
317-U1353A-004H-1-0.56,18.76,46.6,55.887,48.1,-0.3,2.6
359-U1465A-003H-2-0.74,18.79,66.7,11.394,55.1,4.1,8.3
342-U1406A-003H-3-0.38,18.96,79.8,15.35,59.5,-2.8,0.5
342-U1404A-003H-4-0.38,19.08,74.5,25.32,48.3,-0.1,0.3
317-U1352B-003H-1-1.42,19.12,48.5,48.214,46.0,0.1,-3.2
342-U1405A-003H-3-0.38,19.13,84.4,19.59,48.5,-1.8,0.1
317-U1354B-005H-1-1.46,19.16,44.4,50.979,46.0,-1.7,3.3
317-U1354B-005H-1-1.48,19.18,43.8,50.979,46.0,-1.7,3.3
317-U1354B-005H-1-1.48,19.18,43.8,50.979,46.0,-1.7,3.3
317-U1351B-003H-2-1.0,19.2,42.4,63.133,48.6,-0.7,-0.1
359-U1468A-003H-5-0.73,19.22,66.1,14.371,47.8,1.7,8.9
372-U1517C-003F-3-1.07,19.27,43.3,45.455,38.71,1.11,-1.25
372-U1517C-003F-3-1.07,19.27,43.3,45.455,38.71,1.11,-1.25
194-1197A-003H-3-0.8,19.4,58.8,18.8,65.88,0.0,9.92
194-1195A-003H-4-0.8,19.5,70.5,20.8,59.32,1.41,11.14
194-1195A-003H-4-0.8,19.5,70.5,20.8,59.32,1.41,11.14
194-1194A-003H-4-0.8,19.5,61.2,24.2,51.29,-1.14,12.04
342-U1411B-003H-7-0.16,19.56,75.8,32.42,53.1,0.4,-0.2
342-U1407A-003H-3-0.38,19.68,69.4,18.72,72.0,6.5,16.7
359-U1466A-003H-4-0.7,19.7,67.7,18.404,54.0,2.2,9.5
359-U1467B-003H-5-0.73,19.73,67.9,29.378,39.0,0.8,7.5
359-U1467A-003H-5-0.74,19.74,67.4,28.228,40.8,0.8,8.9
342-U1409A-003H-7-0.18,19.78,65.8,28.06,58.9,4.9,10.0
342-U1409A-003H-7-0.18,19.78,65.8,28.06,58.9,4.9,10.0
194-1198A-003H-4-0.8,19.8,62.8,27.4,64.19,-0.8,11.17
194-1192A-003H-1-0.8,19.8,73.5,30.0,58.75,1.26,12.76
342-U1410A-003H-2-0.38,19.88,65.3,22.21,48.6,1.1,-0.8
194-1193A-003H-3-0.8,19.9,65.3,33.8,54.33,-0.74,10.33
317-U1351A-004H-2-0.275,19.97,51.5,53.423,47.2,-0.7,-0.6
359-U1465A-003H-3-0.43,19.98,60.0,17.306,45.3,3.4,3.0
317-U1354B-005H-2-0.96,20.16,44.4,38.935,39.5,-2.0,5.0
342-U1408A-003H-5-0.38,20.18,72.5,25.27,49.6,2.4,11.5
342-U1403A-003H-4-0.38,20.18,80.9,19.74,47.0,2.5,24.1
194-1195B-003H-2-0.8,20.2,67.5,26.2,59.63,3.35,15.78
317-U1351A-004H-2-0.495,20.2,43.4,55.54,39.0,0.6,-2.1
342-U1411B-004H-1-0.38,20.28,76.1,29.92,47.5,-3.9,1.1
342-U1406A-003H-4-0.38,20.46,77.4,15.56,58.3,-2.8,0.5
342-U1404A-003H-5-0.27,20.47,78.0,24.65,44.9,-2.3,2.9
342-U1405A-003H-4-0.38,20.63,83.0,23.62,44.8,-3.6,2.7
317-U1352B-003H-2-1.44,20.64,42.8,42.75,46.1,0.2,-2.6
359-U1471A-003H-5-0.78,20.88,69.5,38.498,41.8,1.5,7.3
194-1197A-003H-4-0.8,20.9,68.1,14.8,72.32,0.14,10.84
194-1197A-003H-4-0.8,20.9,68.1,14.8,72.32,0.14,10.84
342-U1409A-004H-1-0.85,20.95,73.6,30.04,53.6,5.8,15.8
194-1195A-003H-5-0.8,21.0,67.5,25.6,63.86,3.14,16.83
194-1194A-003H-5-0.8,21.0,63.5,28.4,50.14,-1.62,10.94
317-U1351B-003H-3-1.41,21.11,46.9,52.909,45.7,-1.1,1.0
342-U1407A-003H-4-0.38,21.18,68.2,19.23,71.0,6.1,15.0
342-U1407A-003H-4-0.38,21.18,68.2,19.23,71.0,6.1,15.0
359-U1466A-003H-5-0.74,21.24,61.6,16.374,55.8,2.7,7.6
372-U1517C-004F-1-1.38,21.28,42.2,45.211,39.4,1.27,-2.28
194-1198A-003H-5-0.8,21.3,70.8,23.8,54.93,0.45,10.41
194-1192A-003H-2-0.8,21.3,68.9,32.2,59.31,0.42,14.15
342-U1410A-003H-3-0.38,21.38,68.4,21.5,52.0,1.7,2.0
194-1193A-003H-4-0.8,21.4,59.1,28.0,52.17,-0.9,7.18
194-1193A-003H-4-0.8,21.4,59.1,28.0,52.17,-0.9,7.18
342-U1408A-003H-6-0.27,21.57,76.5,24.63,54.9,2.2,5.4
342-U1404A-003H-6-0.2,21.6,79.7,22.97,48.8,-1.7,1.2
317-U1351B-003H-4-0.47,21.67,41.3,55.447,40.0,-0.6,0.0
342-U1403A-003H-5-0.38,21.68,79.5,18.6,53.5,4.9,21.4
194-1195B-003H-3-0.8,21.7,71.5,23.6,62.34,2.63,16.99
359-U1470A-004H-1-0.67,21.77,69.8,22.584,41.4,2.1,4.6
342-U1411B-004H-2-0.38,21.78,74.1,34.06,44.2,-1.8,1.5
342-U1411B-004H-2-0.38,21.78,74.1,34.06,44.2,-1.8,1.5
317-U1354B-007H-1-0.94,21.84,44.1,39.271,31.3,-1.1,0.9
359-U1467B-003H-7-0.42,21.84,70.2,21.119,39.7,0.9,7.6
317-U1354B-007H-1-0.96,21.86,46.2,39.271,21.9,1.3,-2.9
342-U1409A-004H-2-0.3,21.9,71.6,28.31,56.9,4.7,14.2
359-U1467A-003H-7-0.3,21.91,65.3,21.741,39.1,0.7,8.9
317-U1351A-004H-3-0.745,21.94,44.4,56.388,43.0,-0.6,2.0
342-U1406A-003H-5-0.38,21.96,75.6,12.39,55.5,-1.8,1.4
317-U1352B-003H-3-1.36,22.06,51.6,50.309,49.3,-0.6,-3.3
342-U1405A-003H-5-0.38,22.13,83.8,19.13,55.4,-2.3,-1.1
194-1197A-003H-5-0.8,22.4,68.7,19.4,61.53,0.45,9.79
317-U1353A-004H-3-1.26,22.46,47.2,58.441,49.6,-1.6,2.9
317-U1353A-004H-3-1.28,22.48,46.7,58.441,49.6,-1.6,2.9
342-U1408A-003H-7-0.19,22.49,71.1,35.73,50.6,-0.1,0.2
317-U1351B-004H-1-0.395,22.5,45.4,38.846,46.4,-0.8,0.3
194-1195A-003H-6-0.8,22.5,68.4,23.2,65.48,3.1,17.8
194-1194A-003H-6-0.8,22.5,63.9,25.0,51.98,-1.21,11.58
359-U1466A-003H-6-0.5,22.5,63.8,11.3,54.4,2.6,7.7
372-U1517C-004F-2-1.28,22.68,44.9,46.208,47.91,1.94,-1.26
342-U1407A-003H-5-0.41,22.71,69.3,19.04,68.8,5.9,16.0
194-1192A-003H-3-0.8,22.8,65.4,35.6,55.09,0.02,14.59
194-1192A-003H-3-0.8,22.8,65.4,35.6,55.09,0.02,14.59
194-1198A-003H-6-0.8,22.8,61.9,31.2,56.36,0.43,10.45
342-U1410A-003H-4-0.38,22.88,67.1,24.23,48.4,0.5,1.1
194-1193A-003H-5-0.8,22.9,61.7,22.6,60.07,-0.64,11.11
359-U1471A-003H-7-0.33,22.93,71.1,34.697,32.0,1.2,4.5
317-U1353B-003H-4-1.45,22.95,46.7,58.854,50.6,-1.3,1.9
317-U1353B-003H-4-1.48,22.98,46.1,58.854,50.6,-1.3,1.9
359-U1468A-004H-1-0.67,23.07,64.9,16.688,45.9,1.0,11.5
317-U1351A-004H-4-0.395,23.1,25.5,66.653,44.8,-0.9,2.3
317-U1351A-004H-4-0.395,23.1,25.5,66.653,44.8,-0.9,2.3
342-U1403A-003H-6-0.35,23.15,79.6,23.52,52.5,7.2,22.3
194-1195B-003H-4-0.8,23.2,75.8,24.4,62.99,5.07,24.05
194-1195B-003H-4-0.8,23.2,75.8,24.4,62.99,5.07,24.05
359-U1467B-004H-1-0.73,23.23,65.6,25.258,42.8,0.9,8.8
359-U1467A-004H-1-0.74,23.24,70.7,27.281,38.8,1.1,11.0
317-U1351B-004H-1-1.16,23.26,39.7,42.526,37.0,0.3,-0.2
342-U1411B-004H-3-0.38,23.28,70.3,33.46,36.4,-0.2,5.1
359-U1466A-003H-7-0.3,23.31,72.5,4.717,55.2,3.0,4.9
194-1195A-003H-7-0.2,23.4,70.3,20.8,66.34,3.51,21.83
194-1194A-003H-7-0.2,23.4,62.4,32.6,51.4,-1.37,10.96
194-1194A-003H-7-0.2,23.4,62.4,32.6,51.4,-1.37,10.96
342-U1409A-004H-3-0.3,23.4,70.1,27.98,59.1,5.0,14.8
342-U1406A-003H-6-0.38,23.46,78.7,11.78,64.2,-1.5,-0.9
194-1198A-003H-7-0.2,23.6,60.0,26.2,51.72,0.22,7.52
342-U1405A-003H-6-0.38,23.63,83.1,20.06,38.9,-5.2,3.4
372-U1517C-004F-3-1.09,23.79,43.1,46.788,48.95,2.09,-8.0
194-1197A-003H-6-0.8,23.9,66.2,15.2,65.65,1.03,12.99
342-U1407A-003H-6-0.23,24.03,70.2,19.02,70.8,6.1,15.7
342-U1408A-004H-1-0.82,24.12,70.3,50.95,51.2,-1.6,0.1
317-U1352B-003H-5-0.59,24.29,46.4,55.003,47.4,-0.6,-2.1
194-1192A-003H-4-0.8,24.3,58.4,32.2,56.28,0.34,14.68
359-U1470A-004H-3-0.67,24.32,70.7,27.864,44.0,2.1,5.3
359-U1471A-004H-1-0.74,24.34,69.7,29.824,38.4,1.1,5.5
317-U1351A-004H-5-0.165,24.36,17.8,68.983,39.5,-1.2,4.0
342-U1410A-003H-5-0.38,24.38,66.4,23.76,45.9,1.1,0.3
194-1193A-003H-6-0.8,24.4,59.1,21.6,56.99,-0.79,11.27
194-1193A-003H-6-0.8,24.4,59.1,21.6,56.99,-0.79,11.27
342-U1403A-003H-7-0.15,24.45,80.2,18.91,48.6,5.0,23.0
372-U1517C-004F-4-0.53,24.45,42.3,45.601,38.26,1.16,-0.91
194-1195A-004H-1-0.8,24.5,69.7,26.8,57.13,2.98,18.36
194-1194A-004H-1-0.8,24.5,56.3,26.0,50.33,-0.86,9.21
317-U1354B-007H-4-0.22,24.54,46.1,40.176,27.5,0.0,-1.5
317-U1351B-004H-2-1.0,24.6,43.0,59.766,42.7,-1.0,2.7
359-U1466A-004H-1-0.65,24.65,75.5,6.311,51.7,2.4,5.6
194-1195B-003H-5-0.8,24.7,71.1,32.4,68.69,2.62,18.19
342-U1406A-003H-7-0.15,24.73,76.4,10.72,60.5,-1.7,1.8
317-U1353B-003H-6-0.23,24.73,44.2,76.556,46.0,-1.3,3.0
342-U1411B-004H-4-0.38,24.78,73.2,31.25,44.1,0.8,0.5
194-1197A-003H-7-0.2,24.8,55.3,17.4,72.46,-0.03,9.3
194-1198A-004H-1-0.8,24.8,57.4,24.0,66.73,-0.54,11.53
342-U1409A-004H-4-0.3,24.9,67.2,28.96,53.2,3.4,9.2
342-U1405A-003H-7-0.17,24.92,83.2,19.47,46.3,-3.1,2.3
342-U1407A-003H-7-0.27,25.07,70.1,17.33,73.5,6.0,14.4
342-U1408A-004H-2-0.38,25.18,71.3,31.53,49.4,-1.5,3.9
342-U1403A-004H-1-0.38,25.18,80.2,18.46,52.5,2.3,13.2
194-1193A-003H-7-0.2,25.3,63.5,23.0,53.8,-0.53,9.6
317-U1351A-005H-1-0.395,25.5,37.2,11.246,41.8,-0.5,0.0
342-U1406A-004H-1-0.38,25.58,75.8,10.65,61.1,-1.5,0.2
342-U1405A-004H-1-0.38,25.58,86.0,16.82,48.0,-0.8,-0.7
194-1192A-003H-5-0.8,25.8,66.5,27.2,55.2,0.7,14.34
359-U1468A-004H-3-0.65,25.8,69.6,13.561,47.3,1.6,11.1
317-U1352B-003H-6-0.64,25.84,45.3,51.895,53.0,-0.6,-2.2
342-U1410A-003H-6-0.38,25.88,62.4,29.56,42.0,1.0,0.3
342-U1410A-003H-6-0.38,25.88,62.4,29.56,42.0,1.0,0.3
194-1197A-004H-1-0.8,25.9,59.3,22.6,54.38,1.36,8.78
194-1197A-004H-1-0.8,25.9,59.3,22.6,54.38,1.36,8.78
372-U1517C-005F-1-1.31,25.91,44.0,43.452,44.12,1.59,-2.38
194-1195A-004H-2-0.8,26.0,69.4,30.0,52.75,1.99,12.37
359-U1466A-004H-2-0.74,26.08,72.4,7.081,51.3,2.5,9.9
317-U1351B-004H-3-1.0,26.1,47.8,74.68,48.6,-1.0,4.1
194-1195B-003H-6-0.8,26.2,74.2,36.2,61.36,2.55,17.0
342-U1407A-004H-1-0.44,26.24,73.8,12.49,72.7,4.5,6.9
359-U1467A-004H-3-0.74,26.24,65.8,24.544,43.6,0.9,10.1
359-U1467B-004H-3-0.75,26.25,69.3,24.751,38.4,0.6,7.3
317-U1353A-004H-6-0.55,26.25,42.2,50.24,37.8,-1.3,3.9
342-U1411B-004H-5-0.38,26.28,69.9,33.59,40.7,-0.7,2.0
194-1198A-004H-2-0.8,26.3,56.5,28.2,63.05,-1.36,10.68
194-1198A-004H-2-0.8,26.3,56.5,28.2,63.05,-1.36,10.68
342-U1409A-004H-5-0.3,26.4,69.0,30.11,55.2,3.2,10.8
194-1193A-004H-1-0.8,26.4,62.7,24.8,55.3,-0.44,11.1
342-U1403A-004H-2-0.38,26.68,77.9,25.78,42.5,-1.0,2.1
342-U1408A-004H-3-0.38,26.68,72.4,27.95,57.2,-0.5,-1.2
194-1195B-003H-7-0.2,26.8,73.6,30.4,67.14,2.25,16.17
359-U1465A-004H-1-0.74,26.84,77.1,8.071,47.7,3.4,6.0
317-U1353A-005H-1-0.17,26.87,44.7,40.877,42.9,-0.6,1.6
317-U1351A-005H-2-0.315,26.92,45.2,47.173,47.5,-1.6,4.7
317-U1353B-004H-1-0.96,26.96,45.6,39.836,43.0,-1.1,2.0
317-U1353B-004H-1-0.96,26.96,45.6,39.836,43.0,-1.1,2.0
317-U1353B-004H-1-0.98,26.98,47.5,39.836,43.0,-1.1,2.0
342-U1405A-004H-2-0.38,27.08,77.5,17.13,50.8,-1.1,-1.5
342-U1406A-004H-2-0.38,27.08,79.3,10.32,65.2,-1.5,-0.2
359-U1470A-004H-5-0.69,27.1,67.3,31.284,46.5,2.0,2.9
342-U1410A-003H-7-0.18,27.18,65.2,24.83,51.3,1.6,-2.3
194-1192A-003H-6-0.8,27.3,71.3,37.8,56.13,0.35,13.31
359-U1471A-004H-3-0.8,27.4,70.9,25.907,46.0,1.4,6.6
194-1197A-004H-2-0.8,27.4,67.4,18.2,61.57,0.35,9.0
372-U1517C-005F-2-1.34,27.44,39.0,40.908,40.24,1.23,-1.79
194-1194A-004H-3-0.8,27.5,51.8,32.2,50.1,-1.03,11.28
194-1195A-004H-3-0.8,27.5,71.1,33.0,56.71,2.34,15.19
194-1194A-004H-3-0.8,27.5,51.8,32.2,50.1,-1.03,11.28
359-U1466A-004H-3-0.74,27.58,78.6,6.848,51.7,3.0,9.0
317-U1351B-004H-4-1.0,27.6,45.9,46.94,40.6,-0.8,2.5
342-U1407A-004H-2-0.38,27.68,71.0,15.04,75.5,3.7,9.0
342-U1411B-004H-6-0.37,27.77,72.2,36.19,38.0,-0.6,1.3
194-1198A-004H-3-0.8,27.8,65.6,33.2,58.61,-0.91,9.63
317-U1351A-006H-1-0.345,27.84,38.3,32.859,37.6,-0.9,-0.7
342-U1410A-004H-1-0.38,27.88,65.2,35.44,39.4,1.3,3.7
342-U1409A-004H-6-0.3,27.9,67.7,26.96,58.5,2.8,5.9
194-1193A-004H-2-0.8,27.9,70.8,30.2,55.23,-0.13,12.28
342-U1408A-004H-4-0.38,28.18,66.2,28.5,45.4,-3.4,2.7
342-U1403A-004H-3-0.38,28.18,75.1,35.59,42.3,-3.8,3.7
194-1195B-004H-1-0.8,28.2,58.8,23.8,38.53,2.12,13.51
194-1192A-003H-7-0.2,28.2,66.3,21.8,57.91,0.36,7.83
359-U1465A-004H-2-0.7,28.3,67.9,14.887,52.3,3.4,5.6
359-U1465A-004H-2-0.7,28.3,67.9,14.887,52.3,3.4,5.6
317-U1352B-004H-1-1.13,28.33,48.0,54.143,46.7,-0.8,-1.2
317-U1353B-005H-1-0.68,28.38,51.5,35.385,28.4,0.8,-2.3
317-U1351B-005H-1-0.25,28.45,54.1,9.331,40.8,-0.2,1.7
372-U1517C-005F-3-0.92,28.5,38.0,38.274,37.5,1.15,-0.78
342-U1405A-004H-3-0.38,28.58,85.2,16.0,45.8,-0.7,1.1
342-U1406A-004H-3-0.38,28.58,79.3,10.65,62.9,-1.4,0.8
359-U1468A-004H-5-0.72,28.62,70.9,13.514,48.1,1.9,9.1
359-U1468A-004H-5-0.72,28.62,70.9,13.514,48.1,1.9,9.1
194-1197A-004H-3-0.8,28.9,69.5,21.8,68.88,0.39,11.0
194-1195A-004H-4-0.8,29.0,76.5,29.2,68.97,1.56,15.17
194-1194A-004H-4-0.8,29.0,55.9,31.2,52.26,-0.83,10.35
359-U1466A-004H-4-0.74,29.08,71.8,19.401,52.8,3.1,9.4
342-U1411B-004H-7-0.18,29.08,73.8,31.93,37.5,-1.6,3.4
359-U1470A-004H-7-0.28,29.12,66.8,19.164,44.0,1.0,4.7
342-U1407A-004H-3-0.38,29.18,69.1,17.09,68.3,2.9,4.9
372-U1517C-005F-4-0.52,29.2,43.0,39.304,42.17,1.58,-3.85
359-U1467A-004H-5-0.74,29.24,63.1,27.931,45.2,0.3,7.3
359-U1467B-004H-5-0.75,29.25,73.0,33.588,38.0,0.6,9.1
342-U1409A-004H-7-0.18,29.28,66.0,30.2,53.5,3.4,11.6
194-1198A-004H-4-0.8,29.3,57.3,29.0,66.99,-0.98,9.57
342-U1410A-004H-2-0.38,29.38,62.5,36.64,43.4,1.3,0.7
194-1193A-004H-3-0.8,29.4,70.4,36.2,53.9,0.36,10.09
194-1193A-004H-3-0.8,29.4,70.4,36.2,53.9,0.36,10.09
317-U1354B-008H-2-1.46,29.56,42.4,49.562,48.0,-1.3,2.8
317-U1354B-008H-2-1.48,29.58,43.2,49.562,48.0,-1.3,2.8
342-U1408A-004H-5-0.38,29.68,69.9,24.45,54.4,0.3,10.0
342-U1403A-004H-4-0.38,29.68,77.9,29.8,36.2,-2.9,6.9
194-1195B-004H-2-0.8,29.7,76.9,26.8,64.32,3.82,22.08
342-U1411B-005H-1-0.38,29.78,71.5,33.28,43.1,-0.8,-1.2
317-U1351B-005H-2-0.25,29.78,34.8,43.939,43.5,-0.5,-1.0
359-U1465A-004H-3-0.75,29.85,71.4,18.494,53.9,3.8,6.5
359-U1465A-004H-3-0.75,29.85,71.4,18.494,53.9,3.8,6.5
342-U1409A-005H-1-0.38,29.98,71.3,23.4,58.5,2.8,7.1
342-U1406A-004H-4-0.38,30.08,79.9,12.9,59.9,-1.5,-1.2
342-U1405A-004H-4-0.38,30.08,84.5,15.02,48.0,-1.3,-0.1
317-U1354B-008H-3-0.68,30.28,43.9,61.955,39.9,-0.8,0.7
194-1192A-005H-1-0.8,30.3,48.0,24.2,50.75,3.77,12.75
359-U1471A-004H-5-0.79,30.39,68.2,28.878,41.9,1.3,9.9
194-1197A-004H-4-0.8,30.4,68.1,18.0,64.27,0.26,8.38
194-1194A-004H-5-0.8,30.5,56.0,27.2,51.39,-0.8,8.29
194-1195A-004H-5-0.8,30.5,69.7,29.2,61.97,3.11,17.53
194-1194A-004H-5-0.8,30.5,56.0,27.2,51.39,-0.8,8.29
317-U1351B-005H-2-1.0,30.53,42.7,35.9,33.1,0.4,-1.9
359-U1466A-004H-5-0.74,30.58,75.5,10.234,53.8,2.6,7.0
342-U1407A-004H-4-0.38,30.68,72.2,16.69,72.7,3.9,4.0
359-U1468A-004H-7-0.33,30.68,74.9,10.944,43.0,1.7,12.3
372-U1517C-006F-1-1.43,30.73,44.7,36.78,40.97,1.26,-0.49
194-1198A-004H-5-0.8,30.8,60.6,22.0,64.93,-0.92,8.99
342-U1410A-004H-3-0.38,30.88,61.2,36.27,39.4,0.5,0.0
194-1193A-004H-4-0.8,30.9,64.2,37.4,53.37,-0.25,10.59
342-U1408A-004H-6-0.15,30.96,68.5,25.06,60.8,0.4,-1.6
317-U1353A-005H-4-0.67,31.11,50.2,32.172,34.9,-1.0,1.4
342-U1403A-004H-5-0.38,31.18,73.7,35.16,43.1,-1.5,1.9
194-1195B-004H-3-0.8,31.2,74.4,29.8,61.54,3.08,17.98
317-U1351B-005H-3-0.25,31.22,46.8,44.666,42.9,-1.1,1.6
359-U1470A-005H-1-0.64,31.24,68.1,24.338,36.6,1.5,6.6
342-U1411B-005H-2-0.38,31.28,72.9,31.09,41.8,-1.8,0.0
342-U1411B-005H-2-0.38,31.28,72.9,31.09,41.8,-1.8,0.0
359-U1465A-004H-4-0.76,31.31,68.0,14.001,49.0,3.3,5.8
359-U1465A-004H-4-0.76,31.31,68.0,14.001,49.0,3.3,5.8
317-U1352B-004H-3-1.24,31.44,48.3,52.956,44.5,-0.9,-1.2
317-U1352B-004H-3-1.24,31.44,48.3,52.956,44.5,-0.9,-1.2
342-U1409A-005H-2-0.38,31.48,70.1,26.56,49.7,1.3,3.3
359-U1467B-004H-7-0.29,31.49,66.4,18.885,45.2,1.0,8.7
359-U1467A-004H-7-0.32,31.54,68.2,27.661,43.4,1.1,7.4
342-U1406A-004H-5-0.38,31.58,80.2,11.08,63.7,-1.2,0.0
342-U1405A-004H-5-0.38,31.58,86.4,18.06,52.0,-2.4,-0.7
194-1192A-005H-2-0.8,31.8,68.7,24.0,52.19,0.53,14.65
194-1197A-004H-5-0.8,31.9,59.5,19.6,65.06,0.27,7.44
372-U1517C-006F-2-1.14,31.94,51.5,33.226,38.51,0.93,0.13
194-1195A-004H-6-0.8,32.0,76.7,26.0,58.7,4.74,19.12
194-1194A-004H-6-0.8,32.0,56.5,34.2,51.39,-0.59,10.23
359-U1466A-004H-6-0.71,32.05,74.8,8.674,53.2,3.2,8.6
342-U1407A-004H-5-0.38,32.18,71.6,19.84,69.5,4.4,8.2
194-1198A-004H-6-0.8,32.3,58.6,32.4,65.85,-1.07,8.28
342-U1410A-004H-4-0.35,32.35,63.5,40.25,40.4,0.7,2.3
194-1193A-004H-5-0.8,32.4,65.3,33.6,55.26,-0.59,11.81
317-U1352B-004H-4-0.79,32.49,42.3,54.952,48.9,-1.9,1.1
342-U1403A-004H-6-0.24,32.54,73.9,28.28,37.3,-4.2,7.0
359-U1468A-005H-1-0.67,32.57,68.3,15.001,45.9,1.9,10.1
194-1195B-004H-4-0.8,32.7,77.8,26.4,60.79,1.98,13.72
359-U1467B-005H-1-0.73,32.73,63.4,20.188,45.2,0.8,9.3
317-U1353B-005H-4-1.22,32.73,48.6,25.348,36.1,-0.4,1.0
317-U1353B-005H-4-1.24,32.75,48.4,25.348,36.1,-0.4,1.0
317-U1354B-008H-5-0.16,32.76,46.3,55.692,37.9,-0.8,1.0
342-U1411B-005H-3-0.38,32.78,71.6,30.67,48.5,-0.1,-0.5
359-U1465A-004H-5-0.76,32.81,77.3,9.441,50.6,3.3,5.2
194-1194A-004H-7-0.2,32.9,59.3,29.6,53.2,-0.69,9.75
194-1195A-004H-7-0.2,32.9,73.5,20.6,54.87,3.74,18.45
372-U1517C-006F-3-0.83,32.93,44.8,36.254,43.56,1.56,-2.01
359-U1471A-004H-7-0.35,32.95,67.1,31.924,42.4,1.5,3.5
342-U1409A-005H-3-0.38,32.98,68.8,16.81,66.1,0.8,6.6
342-U1406A-004H-6-0.38,33.08,79.9,11.37,63.3,-0.9,-0.9
342-U1405A-004H-6-0.38,33.08,83.1,15.72,40.1,-1.6,1.2
342-U1408A-005H-1-0.38,33.18,68.1,25.53,51.0,-2.1,2.1
194-1198A-004H-7-0.2,33.2,57.5,23.2,65.04,-0.95,8.83
194-1192A-005H-3-0.8,33.3,70.8,23.2,54.22,-0.14,13.72
194-1197A-004H-6-0.8,33.4,69.0,19.8,65.86,0.05,9.12
317-U1351B-006H-1-1.275,33.48,37.6,55.432,48.9,-0.6,-0.5
342-U1407A-004H-6-0.25,33.55,71.2,18.7,71.3,4.0,5.3
342-U1404A-005H-1-0.38,33.58,87.6,12.8,31.8,-1.4,4.7
342-U1403A-004H-7-0.15,33.65,75.0,25.49,38.4,-5.5,6.9
372-U1517C-006F-4-0.59,33.69,43.5,34.269,41.1,1.59,-1.38
317-U1353A-005H-6-0.76,33.69,44.9,34.517,41.8,-1.6,2.9
317-U1353A-005H-6-0.78,33.71,47.5,34.517,41.8,-1.6,2.9
342-U1410A-004H-5-0.38,33.88,57.2,41.05,38.0,0.2,1.3
194-1193A-004H-6-0.8,33.9,67.2,34.8,54.52,-0.35,11.93
359-U1465A-004H-6-0.41,33.96,71.9,21.259,53.0,3.4,7.3
359-U1465A-004H-6-0.41,33.96,71.9,21.259,53.0,3.4,7.3
359-U1470A-005H-3-0.67,33.96,61.7,19.018,39.9,2.2,2.8
194-1195A-005H-1-0.8,34.0,72.2,28.2,59.33,2.98,18.01
359-U1471A-005H-1-0.9,34.0,70.7,36.147,44.4,0.7,9.0
317-U1354B-009H-1-0.55,34.05,49.0,55.737,44.1,-1.4,1.9
317-U1351B-006H-2-0.395,34.1,42.0,64.316,41.1,-0.6,-0.4
194-1195B-004H-5-0.8,34.2,74.0,19.2,62.54,2.33,17.54
359-U1466A-005H-1-0.74,34.24,64.8,19.431,52.0,2.2,10.3
342-U1411B-005H-4-0.38,34.28,73.9,30.76,46.3,0.0,-2.2
194-1198A-005H-1-0.8,34.3,55.9,26.2,58.64,-0.39,8.88
194-1197A-004H-7-0.2,34.3,67.8,19.6,68.66,-0.17,9.15
342-U1406A-004H-7-0.15,34.35,79.4,10.82,62.3,-1.6,0.4
342-U1405A-004H-7-0.2,34.4,85.7,14.71,41.7,-2.6,2.1
342-U1409A-005H-4-0.38,34.48,71.5,17.52,65.1,-1.9,1.1
342-U1409A-005H-4-0.38,34.48,71.5,17.52,65.1,-1.9,1.1
342-U1408A-005H-2-0.38,34.68,68.7,23.44,55.0,0.9,-0.5
317-U1351B-006H-2-0.995,34.7,45.9,52.891,43.4,-1.0,1.2
342-U1403A-005H-1-0.45,34.75,78.0,20.7,43.2,-2.1,2.4
359-U1465A-004H-7-0.4,34.78,69.2,25.219,51.9,3.2,6.6
194-1192A-005H-4-0.8,34.8,68.0,24.6,54.31,-0.5,13.82
194-1193A-004H-7-0.2,34.8,57.5,51.8,55.1,-0.63,10.8
317-U1352B-004H-6-0.14,34.84,41.4,52.317,47.1,-1.4,-1.5
342-U1406A-005H-1-0.38,35.08,77.9,10.57,61.9,-2.1,0.9
342-U1404A-005H-2-0.38,35.08,85.0,13.68,33.1,-0.1,4.2
342-U1405A-005H-1-0.38,35.08,86.7,14.48,44.9,-0.3,-2.1
342-U1405A-005H-1-0.38,35.08,86.7,14.48,44.9,-0.3,-2.1
372-U1517C-007F-1-1.2,35.2,44.5,39.484,36.35,1.46,-3.17
342-U1410A-004H-6-0.38,35.38,67.4,35.65,44.8,-1.0,-0.5
194-1193C-001R-1-0.39,35.39,18.7,22.2,39.1,6.96,7.25
359-U1468A-005H-3-0.67,35.39,66.5,12.068,48.4,2.1,10.6
194-1197A-005H-1-0.8,35.4,60.8,21.2,58.92,0.21,7.65
194-1194A-005H-2-0.8,35.5,57.1,34.0,49.28,-0.98,8.2
194-1195A-005H-2-0.8,35.5,71.7,47.4,61.22,1.62,15.05
342-U1407A-005H-1-0.38,35.68,70.4,16.88,69.7,5.0,4.1
194-1195B-004H-6-0.8,35.7,67.4,47.8,59.13,2.49,15.92
359-U1466A-005H-2-0.74,35.74,64.9,11.871,52.7,2.0,11.5
359-U1467B-005H-3-0.74,35.74,65.9,28.221,41.0,0.6,9.2
342-U1411B-005H-5-0.38,35.78,74.0,30.09,44.4,-2.4,0.8
194-1198A-005H-2-0.8,35.8,59.0,22.8,64.51,-0.81,10.44
194-1193B-001R-1-0.85,35.85,15.649999999999999,34.8,45.35,2.1,7.06
317-U1351B-006H-3-0.745,35.94,29.5,53.738,43.6,-0.7,0.9
317-U1354B-009H-2-0.95,35.95,42.7,52.631,36.6,-0.8,2.3
342-U1409A-005H-5-0.38,35.98,71.1,19.17,66.3,-0.2,0.0
342-U1403A-005H-2-0.38,36.18,75.6,28.75,51.6,-2.0,1.8
342-U1408A-005H-3-0.38,36.18,66.5,23.81,52.7,0.9,0.1
194-1192A-005H-5-0.8,36.3,68.5,19.4,53.52,-0.06,11.42
194-1193B-001R-1-1.38,36.38,20.0,29.0,57.41,0.64,7.6
317-U1353A-006H-2-0.73,36.43,45.1,63.415,50.2,-1.1,1.4
372-U1517C-007F-2-1.23,36.48,41.5,36.725,37.66,1.32,-2.48
359-U1465A-006F-1-0.74,36.54,67.7,31.494,59.6,3.8,6.9
359-U1465A-006F-1-0.74,36.54,67.7,31.494,59.6,3.8,6.9
342-U1406A-005H-2-0.38,36.58,78.9,9.73,62.1,-1.6,0.5
342-U1405A-005H-2-0.38,36.58,86.3,14.44,46.8,-1.1,0.2
342-U1404A-005H-3-0.38,36.58,86.7,13.1,39.7,-1.0,0.3
194-1195B-004H-7-0.2,36.6,74.9,50.0,62.84,3.16,20.77
342-U1410A-004H-7-0.18,36.68,68.2,37.46,45.6,-0.8,-0.6
359-U1470A-005H-5-0.71,36.78,73.5,17.744,47.8,1.9,6.4
359-U1471A-005H-3-0.74,36.84,66.4,39.048,42.8,1.1,8.5
194-1197A-005H-2-0.8,36.9,65.8,14.8,65.42,0.55,11.85
194-1193B-001R-2-0.48,36.98,22.0,23.6,69.35,0.31,7.22
194-1194A-005H-3-0.8,37.0,62.9,34.0,48.39,-0.53,7.44
194-1195A-005H-3-0.8,37.0,71.3,51.2,61.62,3.05,22.61
194-1193B-001R-2-0.61,37.11,25.0,22.4,50.09,0.65,7.16
342-U1407A-005H-2-0.38,37.18,70.9,17.39,66.8,3.4,4.8
359-U1466A-005H-3-0.74,37.24,66.2,13.944,54.9,1.8,12.4
342-U1411B-005H-6-0.38,37.28,72.8,30.57,41.7,-0.5,1.5
194-1198A-005H-3-0.8,37.3,60.8,24.4,55.81,-1.15,6.8
342-U1409A-005H-6-0.38,37.48,69.7,13.82,73.0,0.4,-0.8
342-U1410A-005H-1-0.6,37.6,65.0,37.36,50.2,-0.7,-1.6
342-U1410A-005H-1-0.6,37.6,65.0,37.36,50.2,-0.7,-1.6
342-U1408A-005H-4-0.38,37.68,66.2,21.28,63.9,0.0,2.0
342-U1403A-005H-3-0.38,37.68,74.3,25.78,45.8,-0.1,7.8
342-U1403A-005H-3-0.38,37.68,74.3,25.78,45.8,-0.1,7.8
194-1195B-005H-1-0.8,37.7,74.2,34.4,45.21,0.64,9.22
317-U1351B-006H-4-1.005,37.71,43.4,57.333,41.9,-0.7,1.1
194-1192A-005H-6-0.8,37.8,66.2,22.2,52.23,0.33,10.99
359-U1465A-006F-2-0.55,37.81,63.6,23.966,60.9,3.6,5.5
317-U1352B-005H-2-0.98,37.9,49.5,52.198,46.0,-1.5,-0.8
317-U1354B-009H-3-1.46,37.96,46.0,56.814,34.5,-0.7,1.5
317-U1354B-009H-3-1.48,37.98,46.5,56.814,34.5,-0.7,1.5
372-U1517C-007F-3-1.36,38.05,43.9,40.518,40.85,1.59,-1.47
342-U1405A-005H-3-0.38,38.08,83.4,16.05,49.6,-2.0,0.5
342-U1406A-005H-3-0.38,38.08,79.0,10.04,61.2,-1.5,1.5
342-U1404A-005H-4-0.38,38.08,85.9,15.34,49.5,0.2,-1.7
359-U1468A-005H-5-0.74,38.28,72.5,13.154,45.0,1.7,5.2
194-1197A-005H-3-0.8,38.4,58.5,20.0,62.3,0.1,7.87
317-U1353A-006H-3-1.25,38.45,45.5,60.954,41.1,-1.8,3.5
317-U1353A-006H-3-1.28,38.48,44.9,60.954,41.1,-1.8,3.5
194-1194A-005H-4-0.8,38.5,58.5,29.8,48.45,-0.51,8.32
194-1194A-005H-4-0.8,38.5,58.5,29.8,48.45,-0.51,8.32
194-1195A-005H-4-0.8,38.5,71.3,57.6,60.16,2.58,18.16
342-U1411B-005H-7-0.14,38.54,70.9,32.43,38.0,0.2,-0.4
359-U1465A-006F-3-0.29,38.68,68.3,38.784,59.3,3.4,5.2
342-U1407A-005H-3-0.38,38.68,69.7,17.59,69.3,3.4,3.2
372-U1517C-007F-4-0.64,38.73,41.6,38.377,38.31,1.26,1.15
359-U1467B-005H-5-0.74,38.74,67.0,31.921,43.5,1.1,7.2
359-U1466A-005H-4-0.74,38.74,72.2,11.408,54.3,3.1,9.5
359-U1467B-005H-5-0.74,38.74,67.0,31.921,43.5,1.1,7.2
194-1198A-005H-4-0.8,38.8,59.7,29.4,60.2,-1.25,10.44
359-U1470A-005H-7-0.36,38.84,65.1,45.737,48.8,2.3,5.9
342-U1410A-005H-2-0.38,38.88,66.6,38.78,49.7,-0.9,-1.1
317-U1351B-006H-5-0.745,38.94,41.1,57.095,42.2,-1.0,1.2
342-U1403A-005H-4-0.38,39.18,70.8,27.63,38.2,-2.2,8.6
342-U1408A-005H-5-0.38,39.18,69.2,21.49,59.0,0.8,-1.8
342-U1403A-005H-4-0.38,39.18,70.8,27.63,38.2,-2.2,8.6
194-1195B-005H-2-0.8,39.2,74.7,24.0,51.61,0.19,11.38
342-U1411B-006H-1-0.38,39.28,73.6,31.4,46.6,-0.5,-0.9
342-U1405A-005H-4-0.22,39.42,84.8,15.18,52.9,-3.1,-1.1
342-U1409A-006H-1-0.38,39.48,71.5,17.15,64.3,0.1,-0.8
342-U1404A-005H-5-0.38,39.58,87.2,13.09,39.1,-1.9,1.9
342-U1406A-005H-4-0.38,39.58,79.8,12.09,61.5,-1.8,0.4
317-U1353B-006H-3-1.46,39.66,44.6,58.739,43.6,-0.9,1.5
317-U1353B-006H-3-1.46,39.66,44.6,58.739,43.6,-0.9,1.5
194-1192A-006H-1-0.8,39.8,65.4,24.6,54.13,-0.16,12.78
359-U1471A-005H-5-0.75,39.85,69.3,38.388,38.5,0.8,9.4
194-1197A-005H-4-0.8,39.9,65.1,18.2,69.26,0.57,10.14
317-U1353A-006H-4-1.25,39.95,45.1,62.538,46.1,-1.7,4.0
372-U1517C-008F-1-1.28,39.98,42.7,38.411,41.77,1.41,-3.93
194-1195A-005H-5-0.8,40.0,77.7,29.8,52.76,0.85,16.16
194-1194A-005H-5-0.8,40.0,60.9,29.4,52.2,-0.49,5.83
359-U1468A-005H-7-0.31,40.15,71.8,13.987,44.8,1.9,7.4
342-U1407A-005H-4-0.38,40.18,69.7,17.83,66.1,2.9,6.0
342-U1407A-005H-4-0.38,40.18,69.7,17.83,66.1,2.9,6.0
317-U1354B-009H-5-0.7,40.2,44.9,60.418,40.8,-1.1,2.2
317-U1352B-005H-4-0.29,40.21,48.1,51.776,46.5,-0.5,-1.5
359-U1466A-005H-5-0.74,40.24,73.5,12.944,52.1,2.5,7.4
194-1198A-005H-5-0.8,40.3,60.2,25.6,59.0,-0.96,8.68
317-U1353B-006H-4-0.67,40.37,46.0,61.932,44.8,0.0,-0.2
342-U1410A-005H-3-0.38,40.38,65.3,38.27,44.5,-1.1,0.3
317-U1351B-007H-1-1.195,40.4,46.5,53.156,35.2,-0.6,-1.0
342-U1408A-005H-6-0.21,40.51,68.0,23.52,51.3,0.6,-0.3
342-U1403A-005H-5-0.38,40.68,71.3,30.68,52.5,-1.7,1.8
194-1195B-005H-3-0.8,40.7,80.9,24.6,59.56,0.51,15.47
359-U1470A-006H-1-0.62,40.72,69.7,35.024,43.7,2.1,5.2
342-U1411B-006H-2-0.38,40.78,69.3,32.05,45.1,-0.3,-0.7
342-U1409A-006H-2-0.38,40.98,68.2,23.21,65.8,0.1,-1.6
342-U1405A-005H-5-0.36,41.06,84.7,15.57,48.8,-1.7,0.8
342-U1406A-005H-5-0.38,41.08,79.2,11.1,64.9,-1.6,-0.5
359-U1465A-007H-1-0.6,41.1,72.1,26.361,47.2,3.3,6.5
317-U1353B-006H-4-1.48,41.18,44.6,59.604,46.2,-0.8,2.3
359-U1467B-005H-7-0.29,41.29,66.0,36.308,44.8,1.1,8.6
372-U1517C-008F-2-1.25,41.3,47.8,40.948,43.1,1.57,-2.25
194-1192A-006H-2-0.8,41.3,63.3,24.8,55.06,-0.22,10.11
194-1197A-005H-5-0.8,41.4,55.7,19.4,66.03,0.09,8.77
317-U1351B-007H-2-0.745,41.44,44.2,54.188,39.4,-0.6,1.0
342-U1408A-005H-7-0.16,41.46,65.5,23.85,56.8,0.8,-0.9
359-U1466A-005H-6-0.49,41.49,73.1,9.57,55.8,1.8,10.5
194-1195A-005H-6-0.8,41.5,81.1,21.4,59.6,1.06,15.95
194-1194A-005H-6-0.8,41.5,53.1,24.2,51.71,-0.51,7.56
342-U1407A-005H-5-0.38,41.68,70.5,18.21,68.4,3.3,2.8
194-1198A-005H-6-0.8,41.8,58.7,25.2,65.61,-0.91,10.24
342-U1403A-005H-6-0.08,41.88,69.4,30.68,57.8,1.4,5.9
342-U1403A-005H-6-0.08,41.88,69.4,30.68,57.8,1.4,5.9
342-U1410A-005H-4-0.38,41.88,67.1,36.0,51.2,-2.1,-1.0
194-1195A-005H-7-0.2,42.1,77.4,19.4,57.4,0.68,14.04
194-1195A-005H-7-0.2,42.1,77.4,19.4,57.4,0.68,14.04
359-U1468A-006H-1-0.74,42.14,77.3,13.891,51.3,3.1,7.4
342-U1403A-005H-6-0.38,42.18,69.6,29.58,56.5,1.2,7.4
194-1195B-005H-4-0.8,42.2,80.3,23.6,53.28,1.01,13.74
359-U1467B-006H-1-0.74,42.24,64.1,25.648,44.9,0.7,9.8
359-U1467B-006H-1-0.74,42.24,64.1,25.648,44.9,0.7,9.8
342-U1411B-006H-3-0.38,42.28,72.2,32.43,44.5,-0.4,-0.6
359-U1465A-007H-2-0.6,42.36,62.2,29.487,51.2,4.3,8.9
317-U1353B-006H-6-0.1,42.4,44.4,62.55,38.1,-0.7,0.8
317-U1353B-006H-6-0.1,42.4,44.4,62.55,38.1,-0.7,0.8
194-1194A-005H-7-0.2,42.4,58.1,27.4,54.29,-0.75,11.18
359-U1471A-005H-7-0.36,42.41,62.3,36.004,44.9,1.5,5.9
359-U1466A-005H-7-0.44,42.44,68.6,9.58,55.3,1.6,10.4
342-U1409A-006H-3-0.38,42.48,68.3,23.27,57.2,-1.8,0.4
342-U1405A-005H-6-0.31,42.51,86.0,15.01,48.5,-1.8,0.1
342-U1406A-005H-6-0.38,42.58,79.7,11.76,61.3,-2.3,0.8
342-U1408A-006H-1-0.38,42.68,69.5,21.87,49.5,0.2,2.4
194-1198A-005H-7-0.2,42.7,57.3,27.6,58.54,-1.29,8.88
372-U1517C-008F-3-1.2,42.7,43.3,43.166,41.27,1.45,-1.14
194-1192A-006H-3-0.8,42.8,64.4,22.4,57.72,-0.3,12.75
194-1197A-005H-6-0.8,42.9,65.4,15.8,61.47,0.68,9.36
342-U1404A-006H-1-0.38,43.08,87.3,12.5,33.6,-0.9,2.4
342-U1407A-005H-6-0.38,43.18,70.0,18.62,64.0,1.8,4.9
317-U1354B-010H-2-0.28,43.28,46.8,55.319,43.6,-1.0,1.0
317-U1351B-007H-3-1.095,43.3,46.8,56.676,41.3,-1.9,4.0
359-U1470A-006H-3-0.6,43.3,71.1,14.024,45.3,2.0,4.6
342-U1410A-005H-5-0.38,43.38,68.5,30.67,52.9,-0.1,2.1
359-U1471A-006H-1-0.79,43.39,65.4,40.431,44.7,1.2,10.3
372-U1517C-008F-4-0.7,43.45,43.1,44.969,39.21,1.32,1.05
194-1195A-006H-1-0.8,43.5,73.8,28.8,50.78,-0.16,14.19
194-1194A-006H-1-0.8,43.5,54.8,28.2,52.86,-0.92,9.79
359-U1465A-007H-3-0.61,43.64,70.1,17.731,54.3,3.8,7.3
359-U1465A-007H-3-0.61,43.64,70.1,17.731,54.3,3.8,7.3
317-U1352B-005H-6-0.73,43.65,43.8,53.092,51.4,-1.3,-0.7
194-1195B-005H-5-0.8,43.7,75.1,24.0,48.54,0.36,10.19
359-U1466A-006H-1-0.74,43.74,69.6,10.968,59.4,3.1,7.5
342-U1411B-006H-4-0.38,43.78,68.5,33.18,39.2,-1.1,3.4
194-1197A-005H-7-0.2,43.8,57.1,17.8,62.02,1.49,11.71
194-1198A-006H-1-0.8,43.8,56.2,30.4,56.22,-0.15,10.06
342-U1406A-005H-7-0.13,43.83,81.2,11.43,58.8,-1.3,-0.8
342-U1405A-005H-7-0.16,43.86,83.7,16.1,46.8,-1.7,1.4
342-U1409A-006H-4-0.38,43.98,68.9,14.56,68.8,-1.3,-0.4
342-U1403A-006H-1-0.38,44.18,67.7,23.91,53.1,0.9,10.9
342-U1408A-006H-2-0.38,44.18,68.8,21.6,51.6,0.1,-1.3
342-U1408A-006H-2-0.38,44.18,68.8,21.6,51.6,0.1,-1.3
194-1192A-006H-4-0.8,44.3,65.0,21.6,55.27,-0.17,11.62
317-U1353B-007H-1-1.19,44.39,46.3,61.012,43.4,-1.0,2.0
317-U1353B-007H-1-1.19,44.39,46.3,61.012,43.4,-1.0,2.0
342-U1407A-005H-7-0.14,44.44,72.0,18.27,62.1,-0.9,0.3
317-U1351B-007H-4-0.745,44.44,44.9,50.055,39.3,-1.2,3.9
342-U1406A-006H-1-0.38,44.58,79.7,11.86,55.8,-3.1,1.6
342-U1405A-006H-1-0.38,44.58,84.8,14.15,46.7,-0.5,-1.1
342-U1404A-006H-2-0.38,44.58,84.7,13.98,49.7,0.8,-2.9
372-U1517C-009F-1-1.24,44.64,40.8,45.453,39.57,1.33,-0.6
342-U1410A-005H-6-0.25,44.75,65.7,28.11,57.6,0.5,5.5
342-U1410A-005H-6-0.25,44.75,65.7,28.11,57.6,0.5,5.5
194-1193C-002R-1-0.44,44.84,22.2,17.4,50.12,-0.16,10.11
194-1193B-002R-1-0.48,44.88,18.4,18.2,78.25,1.28,8.19
194-1193B-002R-1-0.48,44.88,18.4,18.2,78.25,1.28,8.19
194-1197A-006H-1-0.8,44.9,61.2,21.4,66.01,1.24,11.66
359-U1465A-007H-4-0.62,44.99,76.5,17.341,51.5,3.7,5.6
194-1194A-006H-2-0.8,45.0,56.4,24.2,51.69,-0.72,8.78
194-1195A-006H-2-0.8,45.0,78.8,18.6,50.72,0.15,10.12
194-1193B-002R-1-0.61,45.01,25.8,15.4,45.83,0.9,6.13
359-U1468A-006H-3-0.74,45.14,75.5,11.828,41.4,2.0,7.6
342-U1407A-006H-1-0.38,45.18,70.8,17.67,63.0,-0.3,-0.9
194-1195B-005H-6-0.8,45.2,78.0,25.8,57.96,0.19,7.64
359-U1467B-006H-3-0.74,45.24,62.1,30.888,46.3,0.4,10.7
359-U1466A-006H-2-0.74,45.24,72.5,28.434,55.9,2.5,7.0
342-U1411B-006H-5-0.38,45.28,71.5,33.48,24.6,-2.6,6.2
194-1198A-006H-2-0.8,45.3,55.3,26.2,61.39,-0.69,8.88
194-1193B-002R-1-1.0,45.4,35.5,13.0,75.64,1.15,12.64
317-U1353A-007H-3-1.25,45.45,44.7,61.137,43.7,-1.3,2.4
317-U1353A-007H-3-1.28,45.48,43.7,61.137,43.7,-1.3,2.4
342-U1409A-006H-5-0.38,45.48,68.2,16.51,67.3,0.7,1.4
317-U1352B-005H-8-0.22,45.64,47.1,52.786,50.3,-1.4,-0.9
342-U1408A-006H-3-0.38,45.68,68.2,22.06,52.4,0.3,0.4
342-U1403A-006H-2-0.38,45.68,68.0,34.35,46.8,2.5,30.2
342-U1410A-005H-7-0.13,45.74,67.3,24.93,55.3,0.5,6.3
194-1192A-006H-5-0.8,45.8,63.5,23.0,53.72,-0.11,10.15
372-U1517C-009F-2-1.18,45.87,38.2,44.002,40.03,1.26,-0.27
359-U1470A-006H-5-0.57,45.88,70.6,13.99,44.3,2.4,3.4
317-U1351B-007H-5-0.745,45.94,47.5,53.482,39.7,-1.7,3.7
317-U1354B-010H-3-1.46,45.96,44.4,55.045,41.0,-1.6,2.9
317-U1354B-010H-3-1.48,45.98,44.9,55.045,41.0,-1.6,2.9
342-U1404A-006H-3-0.38,46.08,84.9,13.67,38.0,-1.5,1.3
342-U1406A-006H-2-0.38,46.08,79.3,11.27,55.0,-1.0,2.9
194-1193B-002R-2-0.28,46.1,29.75,14.4,67.84,0.67,5.86
342-U1405A-006H-2-0.42,46.12,82.8,17.49,47.2,-2.2,0.4
317-U1352B-006H-1-0.11,46.31,45.1,48.658,36.1,1.2,-3.7
359-U1471A-006H-3-0.76,46.36,63.7,24.761,51.1,1.3,5.6
194-1197A-006H-2-0.8,46.4,70.3,19.8,65.68,1.19,11.59
317-U1353A-007H-4-0.7,46.4,47.2,57.818,39.8,-1.0,1.5
359-U1465A-007H-5-0.7,46.46,70.5,14.401,55.9,4.3,8.0
194-1195A-006H-3-0.8,46.5,79.7,24.6,50.77,-0.27,9.57
194-1194A-006H-3-0.8,46.5,64.8,26.2,54.87,-0.55,8.96
342-U1407A-006H-2-0.38,46.68,70.3,17.63,64.4,-0.3,-2.0
317-U1354B-010H-4-0.68,46.68,46.6,45.158,40.4,-1.3,4.6
359-U1466A-006H-3-0.74,46.74,70.6,9.131,49.3,2.5,6.3
342-U1411B-006H-6-0.38,46.78,67.1,37.08,40.9,-1.4,-0.6
194-1198A-006H-3-0.8,46.8,53.9,30.0,51.65,0.0,7.22
372-U1517C-009F-3-0.72,46.81,43.5,43.633,42.17,1.59,-3.16
342-U1410A-006H-1-0.38,46.88,70.2,22.32,53.3,0.5,3.2
342-U1410A-006H-1-0.38,46.88,70.2,22.32,53.3,0.5,3.2
342-U1409A-006H-6-0.38,46.98,68.2,23.34,50.6,1.5,13.1
342-U1409A-006H-6-0.38,46.98,68.2,23.34,50.6,1.5,13.1
317-U1353B-007H-3-0.84,47.04,44.4,60.884,40.2,-0.8,0.8
342-U1408A-006H-4-0.38,47.18,66.8,19.03,67.5,0.4,-2.1
342-U1403A-006H-3-0.38,47.2,69.0,29.6,50.5,4.1,24.5
194-1195B-006H-1-0.8,47.2,73.7,16.8,47.31,0.26,13.7
194-1192A-006H-6-0.8,47.3,64.7,29.0,52.59,-0.29,9.46
317-U1351B-007H-6-0.745,47.44,46.7,48.202,42.1,-1.2,3.7
342-U1404A-006H-4-0.3,47.5,84.8,15.16,41.5,-3.4,4.2
342-U1405A-006H-3-0.38,47.58,85.1,15.0,40.9,-0.7,2.6
342-U1406A-006H-3-0.38,47.58,79.6,10.95,60.6,-1.7,1.0
372-U1517C-009F-4-0.62,47.68,42.0,44.811,40.75,1.15,-2.16
359-U1465A-007H-6-0.6,47.78,67.5,14.054,51.3,4.0,5.7
194-1197A-006H-3-0.8,47.9,64.5,21.0,65.3,0.87,11.14
194-1197A-006H-3-0.8,47.9,64.5,21.0,65.3,0.87,11.14
194-1194A-006H-4-0.8,48.0,53.5,24.0,52.5,-0.66,7.21
194-1195A-006H-4-0.8,48.0,76.7,20.6,54.0,-0.77,13.86
194-1194A-006H-4-0.8,48.0,53.5,24.0,52.5,-0.66,7.21
342-U1411B-006H-7-0.14,48.04,72.7,29.76,46.0,-0.7,-1.4
359-U1468A-006H-5-0.74,48.14,55.1,13.454,53.3,3.9,6.7
359-U1468A-006H-5-0.74,48.14,55.1,13.454,53.3,3.9,6.7
342-U1407A-006H-3-0.38,48.18,70.3,,67.4,-0.6,-1.5
194-1192A-006H-7-0.2,48.2,63.6,21.0,53.57,-0.15,9.09
317-U1354B-010H-5-0.7,48.2,50.9,41.485,47.4,-1.7,6.2
359-U1467B-006H-5-0.74,48.24,63.7,32.098,47.1,0.6,10.5
359-U1466A-006H-4-0.74,48.24,70.0,15.528,53.5,2.0,9.4
342-U1409A-006H-7-0.18,48.28,68.4,23.09,54.9,2.7,14.4
194-1198A-006H-4-0.8,48.3,54.5,23.4,52.39,-0.33,7.07
342-U1410A-006H-2-0.38,48.38,76.0,23.91,56.8,-1.4,1.0
317-U1351B-008H-1-0.765,48.46,46.6,55.945,42.3,-0.9,1.2
342-U1404A-006H-5-0.18,48.58,86.2,13.79,42.3,-1.7,0.1
317-U1353B-007H-4-0.92,48.62,44.8,58.96,43.6,-1.3,2.6
317-U1353B-007H-4-0.94,48.64,45.0,58.96,43.6,-1.3,2.6
342-U1408A-006H-5-0.38,48.68,68.1,24.35,50.9,0.5,1.2
194-1195B-006H-2-0.8,48.7,72.7,20.0,52.51,-0.11,12.35
342-U1403A-006H-4-0.38,48.72,67.6,28.76,49.0,5.0,34.8
342-U1411B-007H-1-0.38,48.78,71.1,32.92,39.1,-2.7,1.7
342-U1409A-007H-1-0.38,48.98,71.6,20.58,55.5,-0.9,-0.8
342-U1405A-006H-4-0.38,49.08,82.3,15.42,49.6,-2.0,0.3
342-U1406A-006H-4-0.38,49.08,77.7,11.55,65.1,-1.6,-0.7
372-U1517C-010F-1-1.02,49.12,42.1,46.003,40.04,1.46,-4.53
372-U1517C-010F-1-1.02,49.12,42.1,46.003,40.04,1.46,-4.53
359-U1471A-006H-5-0.68,49.28,63.5,22.754,47.7,0.6,8.6
194-1192A-007H-1-0.8,49.3,61.5,22.8,50.87,-0.67,9.47
194-1197A-006H-4-0.8,49.4,59.1,17.4,60.8,0.89,9.4
194-1195A-006H-5-0.8,49.5,74.9,25.4,54.47,-0.17,12.21
194-1194A-006H-5-0.8,49.5,63.3,22.4,51.56,-0.49,8.33
342-U1407A-006H-4-0.38,49.68,70.3,17.55,61.7,-1.4,0.0
317-U1354B-010H-6-0.71,49.71,49.7,45.705,39.8,-1.4,4.2
359-U1466A-006H-5-0.74,49.74,68.2,12.604,53.9,1.9,8.3
194-1198A-006H-5-0.8,49.8,50.4,29.2,54.44,-0.71,8.11
342-U1410A-006H-3-0.38,49.88,70.1,25.7,51.2,-0.5,1.4
317-U1351B-008H-2-0.765,49.96,47.4,54.155,41.7,-1.6,6.7
342-U1408A-006H-6-0.21,50.01,67.4,20.67,57.5,-0.4,1.2
317-U1353B-008H-1-1.2,50.1,46.4,60.649,41.2,-1.2,0.7
194-1195B-006H-3-0.8,50.2,70.4,21.6,38.62,0.01,9.03
342-U1403A-006H-5-0.38,50.24,67.9,28.89,27.8,8.0,43.7
359-U1470A-007H-1-0.67,50.27,63.5,20.328,50.4,3.4,8.0
342-U1411B-007H-2-0.38,50.28,68.8,33.67,41.4,-1.3,-1.0
317-U1352B-006H-3-1.12,50.32,45.6,53.396,44.5,-1.2,-0.5
359-U1467B-006H-7-0.4,50.4,62.6,20.775,49.4,0.7,8.3
372-U1517C-010F-2-1.11,50.4,39.8,44.922,40.98,1.35,-1.11
342-U1409A-007H-2-0.38,50.48,70.6,22.45,52.3,-0.7,2.4
342-U1405A-006H-5-0.38,50.58,86.4,14.68,49.1,-3.3,0.8
342-U1406A-006H-5-0.38,50.58,77.3,10.79,53.4,-1.0,3.2
359-U1465A-008H-1-0.59,50.59,71.5,18.713,50.9,4.2,8.2
359-U1465A-008H-1-0.59,50.59,71.5,18.713,50.9,4.2,8.2
194-1197A-006H-5-0.8,50.9,64.5,15.6,65.58,1.09,12.01
359-U1466A-006H-6-0.44,50.94,75.0,8.973,46.3,1.9,6.6
359-U1466A-006H-6-0.44,50.94,75.0,8.973,46.3,1.9,6.6
342-U1408A-006H-7-0.15,50.95,67.3,18.53,62.1,0.3,-1.6
194-1195A-006H-6-0.8,51.0,75.6,25.2,55.02,-0.51,10.82
194-1194A-006H-6-0.8,51.0,53.7,29.0,50.28,-0.82,8.37
342-U1407A-006H-5-0.3,51.1,70.7,17.87,67.1,-0.7,-2.0
317-U1354B-011H-1-0.71,51.21,45.6,59.815,42.9,-0.1,-1.4
317-U1353B-008H-2-0.84,51.24,45.2,66.594,38.9,-1.2,0.7
194-1198A-006H-6-0.8,51.3,47.5,32.0,53.66,0.26,8.46
342-U1410A-006H-4-0.38,51.38,71.6,29.86,51.8,-0.3,2.4
317-U1351B-008H-3-0.795,51.5,48.0,44.838,46.0,-1.7,5.5
359-U1468A-007H-1-0.66,51.56,45.4,22.458,55.9,4.2,8.0
194-1198A-006H-7-0.19,51.7,49.4,37.6,56.36,0.26,8.27
359-U1466A-006H-7-0.3,51.7,72.3,19.211,46.7,2.8,9.2
194-1198A-006H-7-0.19,51.7,49.4,37.6,56.36,0.26,8.27
194-1195B-006H-4-0.8,51.7,82.1,21.2,54.31,-0.31,11.75
359-U1465A-008H-2-0.54,51.72,63.5,17.559,52.2,4.1,5.5
359-U1467B-007H-1-0.75,51.75,62.1,33.218,45.9,0.9,9.9
342-U1403A-006H-6-0.38,51.76,70.4,26.29,42.8,5.8,16.8
342-U1411B-007H-3-0.38,51.78,68.4,34.2,46.7,0.7,-2.4
372-U1517C-010F-3-1.18,51.79,38.4,45.154,38.67,1.09,-2.07
194-1193C-003R-1-0.44,51.84,22.2,17.4,50.12,-0.16,10.11
194-1194A-006H-7-0.2,51.9,54.1,29.0,55.46,-1.1,11.42
359-U1471A-006H-7-0.3,51.9,63.8,19.321,47.2,1.2,8.9
342-U1409A-007H-3-0.38,51.98,68.5,24.19,56.8,-1.0,1.0
342-U1406A-006H-6-0.38,52.08,76.9,12.1,59.1,-2.5,1.3
342-U1405A-006H-6-0.38,52.08,84.6,13.9,52.5,-2.2,0.8
194-1192A-007H-3-0.8,52.3,65.0,17.8,54.25,-0.37,11.23
194-1197A-006H-6-0.8,52.4,63.6,15.4,68.57,2.69,17.6
372-U1517C-010F-4-0.65,52.51,40.6,44.067,41.07,1.66,-3.46
342-U1404A-007H-1-0.38,52.58,84.3,27.35,40.4,0.7,0.4
342-U1404A-007H-1-0.38,52.58,84.3,27.35,40.4,0.7,0.4
317-U1352B-006H-5-0.59,52.79,45.6,53.773,42.8,-0.6,-1.3
342-U1410A-006H-5-0.38,52.88,65.6,31.05,49.1,0.1,2.8
342-U1410A-006H-5-0.38,52.88,65.6,31.05,49.1,0.1,2.8
359-U1470A-007H-3-0.69,52.9,64.2,10.614,51.7,2.1,3.7
359-U1465A-008H-3-0.64,52.93,68.7,19.314,50.3,4.0,5.7
359-U1465A-008H-3-0.64,52.93,68.7,19.314,50.3,4.0,5.7
194-1195A-007H-1-0.8,53.0,62.9,26.0,52.5,-0.56,12.98
317-U1351B-008H-4-0.795,53.0,42.0,57.748,39.2,-0.9,-0.5
194-1194A-007H-1-0.8,53.0,59.7,26.2,55.92,-1.07,10.92
342-U1403A-006H-7-0.13,53.01,71.2,25.11,43.8,4.0,6.0
359-U1471A-007H-1-1.0,53.1,64.0,26.221,48.4,1.2,10.5
359-U1471A-007H-1-1.0,53.1,64.0,26.221,48.4,1.2,10.5
342-U1406A-006H-7-0.15,53.11,78.4,12.07,58.2,-1.9,1.4
194-1195B-006H-5-0.8,53.2,76.0,19.2,49.59,-0.07,10.46
317-U1353A-008H-4-0.7,53.24,44.2,57.672,41.8,-1.1,4.0
359-U1466A-007H-1-0.74,53.24,69.7,10.388,55.7,3.0,7.1
317-U1353A-008H-4-0.7,53.24,44.2,57.672,41.8,-1.1,4.0
342-U1411B-007H-4-0.38,53.28,73.4,32.52,50.0,-1.4,-1.4
194-1198A-007H-1-0.8,53.3,54.5,22.4,60.51,-1.21,9.37
194-1197A-006H-7-0.2,53.3,60.3,17.8,68.22,3.06,17.24
342-U1405A-006H-7-0.17,53.37,84.6,14.34,52.5,-2.2,1.5
342-U1409A-007H-4-0.38,53.49,69.4,25.56,59.2,1.3,-3.3
342-U1403A-007H-1-0.38,53.68,70.7,27.94,42.5,6.5,15.9
194-1192A-007H-4-0.8,53.8,66.8,22.2,52.49,-0.16,11.26
317-U1353A-008H-4-1.26,53.8,45.7,58.321,47.6,-1.2,4.1
317-U1353A-008H-4-1.28,53.82,44.3,58.321,47.6,-1.2,4.1
372-U1517C-011F-1-1.18,53.98,43.4,42.532,42.1,1.5,-1.43
342-U1405A-007H-1-0.37,54.07,82.8,17.96,48.3,-3.6,2.6
342-U1406A-007H-1-0.38,54.08,81.0,12.49,53.6,-0.9,3.7
342-U1404A-007H-2-0.43,54.13,84.2,12.49,28.4,-1.3,9.2
359-U1465A-008H-4-0.63,54.19,66.0,14.544,52.4,4.5,7.6
194-1197A-007H-1-0.6,54.2,55.9,18.2,60.02,2.53,14.05
342-U1410A-006H-6-0.38,54.38,65.9,32.21,49.0,0.6,7.6
359-U1468A-007H-3-0.53,54.43,46.3,25.65,37.6,3.1,2.9
317-U1351B-008H-5-0.765,54.46,47.1,55.335,38.4,-1.3,1.3
317-U1351B-008H-5-0.765,54.46,47.1,55.335,38.4,-1.3,1.3
194-1194A-007H-2-0.8,54.5,59.5,25.8,56.28,-0.79,10.77
194-1195A-007H-2-0.8,54.5,79.5,22.8,49.77,-0.46,11.1
342-U1407A-007H-1-0.38,54.68,67.9,16.32,66.2,0.1,-2.2
194-1195B-006H-6-0.8,54.7,77.4,24.6,54.69,-0.03,12.73
194-1195B-006H-6-0.8,54.7,77.4,24.6,54.69,-0.03,12.73
359-U1467B-007H-3-0.74,54.74,60.8,21.408,46.6,0.5,15.2
359-U1466A-007H-2-0.74,54.74,77.6,8.218,45.8,2.6,4.6
342-U1411B-007H-5-0.38,54.79,65.5,38.58,43.4,-1.4,-0.3
342-U1411B-007H-5-0.38,54.79,65.5,38.58,43.4,-1.4,-0.3
194-1198A-007H-2-0.8,54.8,50.3,23.4,57.0,-1.28,8.06
317-U1352B-006H-7-0.11,54.81,46.4,48.462,40.3,-0.1,-1.7
317-U1353B-008H-4-1.46,54.86,46.6,42.164,45.0,-1.6,5.5
317-U1353B-008H-4-1.48,54.88,46.0,42.164,45.0,-1.6,5.5
317-U1354B-011H-3-1.45,54.95,44.3,56.951,45.0,-1.0,1.2
317-U1354B-011H-3-1.48,54.98,44.7,56.951,45.0,-1.0,1.2
342-U1409A-007H-5-0.38,54.99,67.8,23.77,52.9,-1.1,0.8
372-U1517C-011F-2-0.97,55.07,42.1,41.758,39.43,1.3,-2.54
342-U1403A-007H-2-0.38,55.18,72.7,29.34,25.9,4.5,15.8
194-1192A-007H-5-0.8,55.3,60.7,20.8,52.44,-0.12,11.03
359-U1465A-008H-5-0.44,55.39,66.2,26.459,53.5,4.4,8.2
342-U1408A-007H-3-0.63,55.43,66.6,22.09,59.3,0.5,0.2
359-U1470A-007H-5-0.7,55.53,61.0,12.361,52.8,2.6,6.5
342-U1405A-007H-2-0.37,55.57,81.2,19.25,47.5,-2.1,0.9
342-U1410A-006H-7-0.16,55.57,66.6,28.34,48.8,-0.6,1.6
342-U1404A-007H-3-0.38,55.58,84.6,13.61,36.4,-2.0,6.1
342-U1406A-007H-2-0.38,55.58,77.4,12.43,61.0,-1.1,0.4
359-U1465C-002F-1-0.6,55.6,67.3,12.951,52.3,4.1,6.1
372-U1517C-011F-3-0.6,55.8,40.9,45.07,40.54,1.24,-2.83
359-U1471A-007H-3-0.76,55.86,60.6,17.948,49.3,1.2,10.6
317-U1351B-008H-6-0.725,55.93,45.6,52.828,38.0,-1.5,2.4
194-1194A-007H-3-0.8,56.0,54.6,32.4,53.52,-1.05,7.56
194-1195A-007H-3-0.8,56.0,74.7,24.8,53.28,-0.27,12.53
194-1195A-007H-3-0.8,56.0,74.7,24.8,53.28,-0.27,12.53
359-U1465A-008H-6-0.26,56.1,73.3,24.077,49.6,4.1,7.2
317-U1353B-008H-6-0.25,56.15,48.1,41.166,43.1,-2.1,6.5
317-U1353B-008H-6-0.25,56.15,48.1,41.166,43.1,-2.1,6.5
342-U1407A-007H-2-0.38,56.18,68.2,18.4,62.0,-0.9,-0.4
359-U1466A-007H-3-0.74,56.24,71.5,22.061,51.6,2.8,5.0
342-U1411B-007H-6-0.38,56.29,63.2,38.55,40.4,-1.5,1.5
194-1198A-007H-3-0.8,56.3,54.5,28.2,63.44,-0.86,10.05
342-U1410A-007H-1-0.38,56.38,67.1,25.19,53.2,-0.5,2.1
342-U1409A-007H-6-0.38,56.5,68.5,24.51,56.3,-2.0,1.9
317-U1354B-011H-5-0.09,56.59,44.2,59.615,46.7,0.2,-1.0
342-U1403A-007H-3-0.38,56.68,70.2,33.58,49.0,4.5,15.7
342-U1408A-007H-4-0.38,56.68,67.4,22.63,51.3,1.6,1.2
342-U1408A-007H-4-0.38,56.68,67.4,22.63,51.3,1.6,1.2
194-1195B-007H-1-0.8,56.7,69.5,23.2,55.14,-0.53,12.98
194-1192A-007H-6-0.8,56.8,62.3,22.4,51.18,-0.17,9.54
342-U1405A-007H-3-0.33,57.03,82.2,17.93,48.3,-0.7,-1.7
342-U1405A-007H-3-0.33,57.03,82.2,17.93,48.3,-0.7,-1.7
342-U1406A-007H-3-0.38,57.08,79.9,13.56,59.6,-1.5,0.2
342-U1404A-007H-4-0.38,57.08,84.4,14.22,43.1,-0.1,2.6
372-U1517C-011F-4-1.16,57.12,38.5,50.041,41.37,1.37,-2.1
317-U1352B-007H-2-0.11,57.31,49.1,45.51499999999999,43.7,-0.4,-1.8
317-U1353B-009H-1-0.7,57.5,49.6,35.638,38.3,-1.5,4.6
194-1194A-007H-4-0.8,57.5,51.6,26.4,53.85,-0.72,10.08
194-1195A-007H-4-0.8,57.5,80.5,21.4,55.2,-0.14,11.32
342-U1411B-007H-7-0.14,57.55,58.9,40.98,38.9,-0.4,0.0
359-U1468A-007H-5-0.69,57.59,52.2,15.854,70.2,5.3,9.1
359-U1467B-007H-5-0.63,57.63,62.2,33.271,48.2,0.7,11.3
342-U1407A-007H-3-0.38,57.68,68.1,21.02,59.3,-0.3,-1.0
194-1192A-007H-7-0.2,57.7,63.0,19.6,49.69,-0.26,7.62
359-U1466A-007H-4-0.74,57.74,67.8,14.781,53.2,3.4,4.5
194-1198A-007H-4-0.8,57.8,53.5,27.4,61.9,-0.98,11.52
342-U1409A-007H-7-0.18,57.8,68.9,19.19,64.5,0.1,-0.9
194-1198A-007H-4-0.8,57.8,53.5,27.4,61.9,-0.98,11.52
342-U1410A-007H-2-0.38,57.9,60.5,37.83,45.5,-0.2,4.1
317-U1351B-009H-1-0.795,58.0,47.6,54.858,42.8,-2.2,3.3
342-U1403A-007H-4-0.38,58.18,71.8,31.64,35.0,6.5,20.0
342-U1408A-007H-5-0.38,58.18,65.9,24.22,49.6,1.3,0.1
194-1195B-007H-2-0.8,58.2,76.6,15.4,55.9,0.16,10.54
359-U1465C-002F-3-0.5,58.22,68.4,15.469,50.0,4.3,9.1
342-U1411B-008H-1-0.38,58.28,67.7,36.8,46.0,-1.3,-1.4
342-U1404A-007H-5-0.19,58.39,85.2,13.73,38.6,-2.1,2.5
342-U1404A-007H-5-0.19,58.39,85.2,13.73,38.6,-2.1,2.5
342-U1409A-008H-1-0.38,58.48,70.0,19.44,54.3,-2.6,-0.9
372-U1517C-012F-1-1.01,58.51,44.2,45.499,38.75,1.02,-2.57
342-U1405A-007H-4-0.37,58.57,85.8,15.85,47.4,-2.1,0.6
342-U1406A-007H-4-0.38,58.58,78.0,11.68,59.7,-0.7,1.7
194-1192A-008H-1-0.8,58.8,59.6,27.2,51.5,-0.2,10.16
194-1195A-007H-5-0.8,59.0,76.3,22.4,57.11,-0.62,12.95
194-1194A-007H-5-0.8,59.0,54.7,22.0,59.16,-0.96,9.25
359-U1471A-007H-5-0.92,59.02,60.6,24.947,46.5,1.1,9.3
359-U1471A-007H-5-0.92,59.02,60.6,24.947,46.5,1.1,9.3
342-U1407A-007H-4-0.38,59.18,63.8,18.88,66.3,-1.9,-0.3
342-U1410A-007H-3-0.15,59.2,62.8,31.07,51.2,-1.6,2.1
359-U1466A-007H-5-0.74,59.24,69.5,8.171,53.8,3.5,6.2
194-1198A-007H-5-0.8,59.3,53.1,25.8,55.14,-0.93,8.37
317-U1351B-009H-2-0.795,59.5,43.7,56.585,33.1,-1.4,1.2
372-U1517C-012F-2-0.89,59.59,44.6,42.078,42.68,1.48,-3.56
342-U1403A-007H-5-0.38,59.68,70.8,29.94,52.1,5.2,12.2
342-U1408A-007H-6-0.38,59.68,67.9,23.67,57.3,-0.9,-0.5
194-1195B-007H-3-0.8,59.7,68.3,28.6,46.55,0.56,12.68
342-U1411B-008H-2-0.38,59.78,55.0,41.35,31.8,-2.5,6.4
317-U1354B-012H-2-1.46,59.88,41.7,51.237,47.9,-1.2,1.9
317-U1354B-012H-2-1.48,59.9,42.4,51.237,47.9,-1.2,1.9
317-U1354B-012H-2-1.48,59.9,42.4,51.237,47.9,-1.2,1.9
342-U1410A-007H-4-0.3,59.97,61.7,36.73,50.1,-1.3,2.1
342-U1409A-008H-2-0.38,59.98,68.0,19.68,58.4,-1.9,-0.8
359-U1465A-009H-1-0.49,59.99,54.5,17.049,45.3,4.3,5.6
342-U1405A-007H-5-0.37,60.07,83.2,18.83,42.9,-2.2,1.9
342-U1406A-007H-5-0.38,60.08,74.1,11.82,61.9,-0.9,-1.2
359-U1467B-007H-7-0.28,60.28,62.9,28.788,43.0,0.6,13.6
359-U1465C-003F-1-0.59,60.29,69.3,27.522,46.3,4.3,7.2
194-1192A-008H-2-0.8,60.3,58.6,23.8,50.05,-0.34,9.76
194-1194A-007H-6-0.8,60.5,53.6,25.2,58.01,-1.09,8.89
194-1195A-007H-6-0.8,60.5,78.5,22.4,56.74,-0.18,12.17
359-U1466A-007H-6-0.52,60.53,70.7,12.14,55.7,3.5,4.4
317-U1354B-012H-3-0.7,60.62,41.4,57.285,49.2,0.0,-0.7
372-U1517C-012F-3-0.88,60.68,46.7,43.064,42.91,1.17,-1.82
342-U1407A-007H-5-0.38,60.68,66.7,20.13,62.1,-0.5,-0.7
194-1198A-007H-6-0.8,60.8,54.8,22.2,65.31,-0.84,10.43
359-U1465A-009H-2-0.39,60.9,74.1,24.717,46.6,3.3,6.8
342-U1408A-007H-7-0.18,60.98,65.9,23.43,47.4,-0.3,3.4
342-U1408A-007H-7-0.18,60.98,65.9,23.43,47.4,-0.3,3.4
317-U1351B-009H-3-0.795,61.0,46.0,58.282,49.6,-1.9,1.6
359-U1470A-008H-2-0.5,61.02,52.9,20.163,64.3,3.2,6.0
359-U1471A-007H-7-0.5,61.11,62.4,28.176,44.4,0.9,11.6
359-U1468A-008H-1-0.74,61.14,53.2,26.881,59.1,4.7,6.9
342-U1403A-007H-6-0.38,61.18,72.2,30.37,60.5,12.4,14.6
342-U1410A-007H-5-0.3,61.19,60.1,36.31,53.7,0.6,0.5
317-U1352B-007H-4-0.99,61.19,47.6,46.525,44.7,-0.1,-1.0
194-1195B-007H-4-0.8,61.2,75.3,24.4,54.26,0.11,14.51
359-U1467B-008H-1-0.74,61.24,61.3,22.264,50.7,1.1,11.1
342-U1411B-008H-3-0.38,61.29,63.0,46.74,43.2,-0.8,0.9
372-U1517C-012F-4-0.62,61.34,39.6,46.389,39.06,1.29,-2.11
194-1194A-007H-7-0.2,61.4,61.5,32.2,58.05,-0.82,8.78
342-U1405A-007H-6-0.23,61.43,83.0,18.81,47.5,-3.3,0.9
342-U1409A-008H-3-0.38,61.48,68.4,17.29,65.4,-0.4,-1.2
342-U1406A-007H-6-0.38,61.58,76.7,10.35,61.4,-1.0,-0.7
359-U1465A-009H-3-0.37,61.65,74.1,24.031,46.9,3.9,7.0
342-U1408A-008H-1-0.38,61.68,67.7,19.64,55.6,0.5,-0.9
194-1198A-007H-7-0.2,61.7,55.7,27.0,61.99,-0.95,10.01
194-1192A-008H-3-0.8,61.8,56.3,25.6,50.48,-0.07,12.96
194-1193C-004R-1-1.22,61.82,22.2,17.4,50.12,-0.16,10.11
317-U1353B-009H-4-0.55,61.85,41.9,36.331,40.2,-1.7,3.9
317-U1353B-009H-4-0.58,61.88,43.4,36.331,40.2,-1.7,3.9
317-U1353B-009H-4-0.58,61.88,43.4,36.331,40.2,-1.7,3.9
342-U1404A-008H-1-0.38,62.08,85.0,18.95,29.9,-2.0,4.9
342-U1407A-007H-6-0.38,62.18,66.8,22.82,61.6,0.6,-1.8
342-U1410A-007H-6-0.3,62.33,60.4,36.46,47.8,0.3,1.7
342-U1410A-007H-6-0.3,62.33,60.4,36.46,47.8,0.3,1.7
359-U1471A-008H-1-0.74,62.34,60.4,24.494,47.1,1.2,12.7
342-U1405A-007H-7-0.17,62.37,85.1,16.25,48.4,-0.7,-0.7
317-U1352B-007H-5-0.72,62.42,46.5,45.148,41.9,-0.3,-0.3
342-U1403A-007H-7-0.12,62.42,72.9,26.72,31.3,4.7,9.2
359-U1465A-009H-4-0.45,62.48,76.0,24.566,32.3,3.5,-0.3
194-1194A-008H-1-0.8,62.5,59.3,25.4,56.44,-0.71,9.25
317-U1351B-009H-4-0.795,62.5,43.8,57.398,35.7,-1.1,-0.2
194-1193C-004R-2-0.52,62.59,29.4,17.4,50.12,-0.16,10.11
317-U1352B-007H-5-0.93,62.63,48.6,49.038,46.8,-0.5,-0.3
194-1195B-007H-5-0.8,62.7,72.3,20.8,47.44,0.58,12.65
359-U1466A-008H-1-0.74,62.74,53.9,18.834,62.5,3.5,6.8
194-1198A-008H-1-0.8,62.8,54.5,30.2,55.49,-1.06,6.64
342-U1411B-008H-4-0.38,62.82,62.8,39.42,42.6,-0.9,-0.8
342-U1411B-008H-4-0.38,62.82,62.8,39.42,42.6,-0.9,-0.8
342-U1406A-007H-7-0.15,62.85,78.0,13.92,62.6,-1.5,-0.5
359-U1465C-003F-3-0.52,62.92,71.7,13.585,53.4,4.3,8.6
359-U1465C-003F-3-0.52,62.92,71.7,13.585,53.4,4.3,8.6
342-U1409A-008H-4-0.38,62.98,69.9,19.88,58.6,-0.1,-0.7
342-U1403A-008H-1-0.27,63.07,65.1,25.18,60.2,7.8,19.0
342-U1408A-008H-2-0.38,63.18,66.2,25.07,57.5,0.5,-0.8
317-U1354B-013H-1-0.7,63.2,49.3,50.825,41.8,-0.1,1.5
194-1192A-008H-4-0.8,63.3,57.9,25.2,49.4,-0.22,11.32
342-U1407A-007H-7-0.1,63.4,66.9,21.33,59.9,-0.2,-3.4
372-U1517C-013F-1-1.31,63.51,41.3,47.145,43.28,1.51,-3.49
359-U1465A-009H-5-0.6,63.51,74.3,32.771,46.7,4.0,7.5
342-U1405A-008H-1-0.37,63.57,83.5,17.85,52.0,-1.3,-1.3
342-U1405A-008H-1-0.37,63.57,83.5,17.85,52.0,-1.3,-1.3
342-U1406A-008H-1-0.38,63.58,77.3,9.72,59.2,-1.2,1.7
342-U1404A-008H-2-0.38,63.58,81.5,14.87,32.0,-1.4,6.8
359-U1470A-008H-4-0.5,63.78,54.8,19.813,57.0,2.9,4.5
342-U1410A-007H-7-0.38,63.93,60.7,38.48,45.9,-1.3,6.3
317-U1352B-007H-6-0.8,64.0,45.8,37.251,37.1,0.5,-0.8
317-U1351B-009H-5-0.795,64.0,43.6,60.685,35.6,-1.8,0.2
194-1194A-008H-2-0.8,64.0,58.4,23.6,56.37,-1.36,11.33
359-U1468A-008H-3-0.74,64.14,56.5,21.594,62.9,4.9,9.0
342-U1407A-008H-1-0.38,64.18,68.0,18.43,64.1,-0.7,-1.4
194-1195B-007H-6-0.8,64.2,71.8,29.8,51.24,0.68,15.48
359-U1466A-008H-2-0.74,64.24,65.0,21.611,60.2,3.7,7.4
359-U1467B-008H-3-0.74,64.25,63.7,24.574,48.5,0.8,11.6
317-U1352B-007H-6-1.1,64.3,40.0,47.422,50.5,-0.8,-0.4
194-1198A-008H-2-0.8,64.3,51.7,28.4,54.44,-0.76,7.82
342-U1411B-008H-5-0.38,64.33,63.8,35.77,51.8,-0.3,-2.4
317-U1353B-010H-2-0.94,64.44,44.4,55.321,41.0,-1.3,1.2
342-U1409A-008H-5-0.38,64.48,69.5,15.36,66.7,0.3,-2.9
342-U1403A-008H-2-0.38,64.68,67.8,31.66,62.7,7.5,16.3
342-U1408A-008H-3-0.38,64.68,66.5,26.73,55.3,0.9,-2.7
342-U1403A-008H-2-0.38,64.68,67.8,31.66,62.7,7.5,16.3
359-U1465A-009H-6-0.51,64.75,69.9,49.526,49.9,4.3,8.6
194-1192A-008H-5-0.8,64.8,57.9,24.8,54.41,-0.24,11.29
372-U1517C-013F-2-1.12,64.82,41.2,47.219,39.98,1.33,-0.78
359-U1465C-004F-1-0.65,65.05,69.3,12.024,50.5,4.3,6.9
342-U1405A-008H-2-0.37,65.07,83.4,16.16,48.4,-1.2,0.1
342-U1404A-008H-3-0.38,65.08,83.3,15.14,26.2,-4.8,14.1
342-U1406A-008H-2-0.38,65.08,77.2,11.86,58.5,-2.3,1.1
194-1195B-007H-7-0.2,65.1,71.7,21.0,52.06,0.35,12.05
359-U1471A-008H-3-0.74,65.34,60.5,26.324,48.1,0.7,9.6
317-U1351B-009H-6-0.795,65.5,43.5,57.805,39.1,-1.8,3.8
194-1194A-008H-3-0.8,65.5,62.5,28.2,53.71,-1.29,11.29
317-U1351B-009H-6-0.795,65.5,43.5,57.805,39.1,-1.8,3.8
342-U1407A-008H-2-0.38,65.68,67.2,22.36,64.2,0.0,-2.6
359-U1466A-008H-3-0.74,65.74,56.0,16.151,62.9,3.4,7.5
194-1198A-008H-3-0.8,65.8,60.0,28.6,57.17,-0.81,9.31
342-U1411B-008H-6-0.38,65.84,61.8,40.94,46.2,0.0,-1.8
342-U1410A-008H-1-0.38,65.88,63.6,28.77,48.1,0.4,0.5
342-U1409A-008H-6-0.38,65.98,68.6,14.6,69.0,-1.2,0.0
359-U1465B-002R-1-0.2,66.1,22.8,21.179,65.4,5.9,8.8
342-U1408A-008H-4-0.38,66.18,65.8,26.3,54.1,-0.8,-0.8
342-U1403A-008H-3-0.38,66.18,69.8,30.82,49.1,6.6,15.4
194-1195B-008H-1-0.8,66.2,68.7,24.2,51.39,-0.01,14.47
194-1195B-008H-1-0.8,66.2,68.7,24.2,51.39,-0.01,14.47
194-1192A-008H-6-0.8,66.3,61.6,23.8,50.73,-0.06,9.98
359-U1470A-008H-6-0.5,66.51,58.5,20.036,57.7,3.1,5.3
342-U1405A-008H-3-0.37,66.57,83.6,16.89,45.6,-0.8,-0.2
342-U1404A-008H-4-0.38,66.58,83.5,15.29,24.6,-2.6,8.7
342-U1406A-008H-3-0.38,66.58,79.3,15.04,63.0,-1.8,-1.2
317-U1354B-013H-3-1.46,66.96,44.8,44.327,45.9,-1.0,2.9
317-U1354B-013H-3-1.48,66.98,43.7,44.327,45.9,-1.0,2.9
194-1194A-008H-4-0.8,67.0,60.1,37.6,55.61,-1.01,7.32
342-U1411B-008H-7-0.14,67.1,61.4,41.04,48.9,0.6,-1.2
359-U1468A-008H-5-0.74,67.14,52.6,26.708,55.2,4.3,5.7
342-U1407A-008H-3-0.38,67.18,67.1,22.54,61.9,-0.1,-3.2
317-U1354C-002H-2-0.69,67.19,46.6,44.638,37.5,0.6,-0.7
359-U1466A-008H-4-0.69,67.19,73.2,23.611,60.4,2.5,8.2
317-U1354C-002H-2-0.69,67.19,46.6,44.638,37.5,0.6,-0.7
194-1192A-008H-7-0.2,67.2,61.1,23.4,52.82,0.07,10.3
342-U1409A-008H-7-0.15,67.25,69.0,14.29,66.7,-1.5,0.2
359-U1467B-008H-5-0.76,67.27,62.2,36.011,49.7,1.2,9.9
194-1198A-008H-4-0.8,67.3,57.9,33.2,59.51,-0.91,8.12
342-U1410A-008H-2-0.38,67.38,63.7,28.88,50.9,1.0,1.0
317-U1353B-010H-4-0.94,67.44,47.3,49.371,42.8,-0.9,2.2
317-U1353B-010H-4-0.98,67.48,46.9,49.371,41.5,-1.5,3.9
342-U1411B-009H-1-0.1,67.5,62.5,41.57,42.0,-0.4,-0.7
342-U1411B-009H-1-0.1,67.5,62.5,41.57,42.0,-0.4,-0.7
359-U1465C-004F-3-0.45,67.59,67.2,27.402,45.8,4.1,6.8
359-U1465C-004F-3-0.45,67.59,67.2,27.402,45.8,4.1,6.8
342-U1403A-008H-4-0.38,67.68,67.5,32.63,61.4,7.5,16.8
342-U1408A-008H-5-0.38,67.68,63.8,26.56,52.8,0.9,-0.1
194-1195B-008H-2-0.8,67.7,78.5,21.6,51.14,0.5,9.99
317-U1352B-008H-2-1.02,67.72,41.8,55.403,45.1,-1.1,-0.9
342-U1409A-009H-1-0.38,67.98,69.3,15.04,67.4,-1.0,-0.6
342-U1411B-009H-2-0.38,68.02,62.8,40.83,40.7,0.0,-1.1
342-U1405A-008H-4-0.37,68.07,81.4,21.21,51.2,-2.1,-0.5
342-U1404A-008H-5-0.38,68.08,84.4,15.98,39.9,-0.9,4.3
342-U1406A-008H-4-0.38,68.08,77.2,14.61,57.7,-0.8,2.5
359-U1471A-008H-5-0.7,68.26,61.1,31.111,48.9,0.8,8.5
194-1192A-009H-1-0.8,68.3,58.6,22.8,50.16,0.01,9.35
372-U1517C-014F-1-1.41,68.31,50.1,35.813,38.86,0.11,0.04
317-U1353B-011H-1-0.71,68.31,47.3,46.732,38.5,-1.2,2.8
194-1195A-008H-5-0.8,68.5,78.1,21.0,50.44,0.61,12.85
194-1194A-008H-5-0.8,68.5,57.9,42.2,55.6,-1.2,9.1
342-U1407A-008H-4-0.38,68.68,67.3,24.12,63.8,-0.4,-1.9
359-U1466A-008H-5-0.73,68.73,69.4,17.438,57.7,2.1,10.6
194-1198A-008H-5-0.8,68.8,58.4,26.8,56.94,-0.45,9.8
342-U1410A-008H-3-0.38,68.88,63.2,21.77,66.6,0.9,1.3
317-U1352B-008H-3-0.8,69.0,43.1,56.608,50.7,-1.0,-1.2
342-U1408A-008H-6-0.25,69.05,63.7,28.59,42.0,1.0,2.1
194-1195B-008H-3-0.8,69.2,73.9,27.8,54.98,0.09,14.69
342-U1403A-008H-5-0.38,69.21,69.5,31.05,64.0,7.2,13.3
372-U1517C-014F-2-1.0,69.35,50.4,35.403,46.16,1.04,-1.6
317-U1354B-013H-5-0.9,69.4,47.1,49.235,,-0.4,1.2
359-U1467B-008H-7-0.39,69.4,58.4,29.198,46.8,0.7,11.9
342-U1409A-009H-2-0.38,69.48,67.2,15.3,73.9,0.0,-0.3
342-U1411B-009H-3-0.38,69.52,61.0,38.72,43.2,-0.8,0.4
342-U1405A-008H-5-0.37,69.57,88.2,14.27,55.3,-1.9,-1.0
342-U1406A-008H-5-0.38,69.58,75.7,14.02,57.7,-2.5,0.9
342-U1404A-008H-6-0.38,69.58,82.2,15.33,32.65,-1.3,5.3
359-U1470A-009H-2-0.2,69.61,52.2,40.407,59.6,2.6,4.8
359-U1465C-005F-1-0.62,69.72,59.8,29.018,50.7,4.6,10.3
194-1192A-009H-2-0.8,69.8,64.2,23.8,55.31,-0.02,11.05
359-U1466A-008H-6-0.49,69.99,66.5,11.15,60.2,2.3,7.8
194-1194A-008H-6-0.8,70.0,54.0,22.2,54.75,-0.91,10.11
194-1194A-008H-6-0.8,70.0,54.0,22.2,54.75,-0.91,10.11
194-1195A-008H-6-0.8,70.0,74.2,22.0,52.44,0.13,11.84
342-U1408A-008H-7-0.12,70.04,64.6,24.76,60.3,0.7,-1.3
342-U1407A-008H-5-0.38,70.18,65.8,22.24,58.0,-1.1,-0.7
317-U1354C-002H-4-0.69,70.19,47.3,50.132,45.7,-0.1,0.4
194-1198A-008H-6-0.8,70.3,56.7,34.0,61.31,-0.98,9.49
194-1198A-008H-6-0.8,70.3,56.7,34.0,61.31,-0.98,9.49
342-U1410A-008H-4-0.38,70.38,62.6,30.29,51.3,0.6,-0.1
359-U1468A-009H-1-0.6,70.5,51.2,26.954,54.0,4.4,9.3
194-1195A-008H-7-0.2,70.6,76.7,28.0,53.48,0.12,13.06
372-U1517C-014F-3-1.14,70.62,49.1,45.153,39.24,0.46,1.01
317-U1351B-011H-1-1.0,70.7,48.5,52.503,42.6,-0.7,1.4
194-1195B-008H-4-0.8,70.7,67.0,24.0,54.96,-0.2,12.99
342-U1403A-008H-6-0.38,70.71,70.7,31.24,56.6,6.4,17.8
359-U1467B-009H-1-0.73,70.73,62.5,26.338,48.7,1.2,11.0
342-U1404A-008H-7-0.29,70.79,83.1,15.18,49.6,-0.9,1.6
359-U1466A-008H-7-0.4,70.9,61.0,16.156,56.5,2.55,7.75
194-1194A-008H-7-0.2,70.9,60.0,30.6,59.53,-1.16,11.29
194-1194A-008H-7-0.2,70.9,60.0,30.6,59.53,-1.16,11.29
342-U1406A-008H-6-0.28,70.98,79.0,11.43,67.1,-1.0,-1.9
342-U1409A-009H-3-0.38,70.99,64.7,21.29,62.8,-1.1,5.2
342-U1411B-009H-4-0.38,71.02,63.2,42.44,47.0,-1.6,-2.1
194-1198A-008H-7-0.16,71.06,58.0,24.8,60.52,-0.84,8.82
342-U1405A-008H-6-0.37,71.07,84.2,17.28,48.4,-2.4,2.0
317-U1353B-011H-3-0.56,71.16,46.1,51.673,42.0,-1.3,3.2
317-U1353B-011H-3-0.56,71.16,46.1,51.673,42.0,-1.3,3.2
342-U1408A-009H-1-0.38,71.18,63.7,26.04,53.9,-0.3,1.2
194-1192A-009H-3-0.8,71.3,54.8,23.6,57.2,-0.34,11.21
342-U1404A-009H-1-0.38,71.58,83.5,18.33,47.5,0.3,-1.2
342-U1407A-008H-6-0.38,71.68,67.6,22.02,58.5,-1.0,0.1
359-U1471A-009H-1-0.74,71.84,64.0,23.594,50.7,1.3,10.0
342-U1410A-008H-5-0.38,71.88,62.5,21.12,65.5,1.4,1.2
359-U1470A-009H-4-0.4,71.91,57.2,31.843,57.6,2.3,5.9
317-U1354B-014H-1-1.46,71.96,50.5,44.821,43.1,-1.6,4.9
317-U1351B-011H-2-0.77,71.97,45.6,43.742,30.4,0.0,0.2
317-U1354B-014H-1-1.48,71.98,48.4,44.821,43.1,-1.6,4.9
317-U1354B-014H-1-1.48,71.98,48.4,44.821,43.1,-1.6,4.9
194-1194A-009H-1-0.8,72.0,50.5,26.6,60.31,-0.95,9.31
194-1195A-009H-1-0.8,72.0,71.6,30.6,52.84,0.32,13.55
342-U1403A-008H-7-0.18,72.01,67.3,30.44,58.6,7.8,16.7
317-U1352B-008H-5-0.85,72.05,42.2,55.258,52.7,-1.0,-0.8
359-U1466A-009H-1-0.6,72.1,63.1,15.034,60.4,2.5,7.8
342-U1406A-008H-7-0.14,72.11,78.4,10.94,63.3,-0.9,-0.7
359-U1465C-005F-3-0.35,72.18,61.1,32.488,49.2,4.4,7.2
194-1195B-008H-5-0.8,72.2,73.0,31.0,55.18,0.74,14.01
194-1198A-009H-1-0.8,72.3,61.3,24.0,57.98,-0.56,8.03
342-U1405A-008H-7-0.19,72.39,86.6,14.01,46.4,-1.8,0.8
342-U1409A-009H-4-0.38,72.49,68.8,22.1,62.8,-0.3,2.8
342-U1411B-009H-5-0.38,72.52,60.1,42.84,40.7,-0.7,-0.4
317-U1351B-011H-2-1.37,72.57,46.1,55.092,49.5,-1.5,1.6
359-U1468A-009H-3-0.62,72.59,47.9,29.028,45.6,3.8,9.3
342-U1403A-009H-1-0.38,72.68,72.8,23.44,55.5,7.3,16.3
342-U1408A-009H-2-0.38,72.68,62.5,25.76,60.0,0.6,-2.6
194-1192A-009H-4-0.8,72.8,58.1,19.0,54.13,-0.21,10.94
194-1192A-009H-4-0.8,72.8,58.1,19.0,54.13,-0.21,10.94
317-U1353B-011H-4-0.8,72.9,46.3,59.103,41.4,-0.5,1.6
317-U1353B-011H-4-0.82,72.92,46.0,59.103,43.7,-1.2,3.8
342-U1407A-008H-7-0.16,72.96,67.9,20.54,59.8,-1.1,-0.6
317-U1354B-014H-2-0.98,72.98,43.4,33.521,41.0,-0.4,1.2
194-1195A-009H-2-0.8,73.0,73.0,27.8,56.74,0.13,13.17
342-U1405A-009H-1-0.37,73.07,86.0,15.57,52.4,-0.7,-1.7
342-U1404A-009H-2-0.38,73.08,83.9,15.53,38.7,1.1,1.1
342-U1406A-009H-1-0.38,73.08,74.0,12.04,50.0,-0.3,-0.5
372-U1517C-015H-2-1.04,73.17,49.7,44.422,38.51,0.17,2.25
359-U1466A-009H-2-0.65,73.36,66.3,16.304,55.7,2.1,10.1
342-U1410A-008H-6-0.38,73.38,64.2,25.29,60.9,0.0,-0.1
194-1194A-009H-2-0.8,73.5,58.4,28.8,55.29,-1.29,11.1
342-U1407A-009H-1-0.38,73.68,66.8,18.8,60.1,-2.2,0.3
317-U1351B-011H-3-1.0,73.7,23.3,54.47,43.3,-0.8,1.6
194-1195B-008H-6-0.8,73.7,72.2,27.2,52.16,-0.04,12.9
359-U1467B-009H-3-0.74,73.74,72.7,22.778,51.2,0.8,10.9
317-U1352B-008H-7-0.04,73.74,46.0,49.348,45.8,-0.6,-1.3
194-1198A-009H-2-0.8,73.8,56.4,34.2,58.77,-1.21,9.05
194-1195A-009H-3-0.8,73.92,73.2,29.6,60.39,0.78,14.35
342-U1409A-009H-5-0.38,73.99,66.9,21.03,69.0,-0.9,-0.2
342-U1411B-009H-6-0.38,74.02,60.7,46.46,40.2,-0.1,-0.9
342-U1408A-009H-3-0.38,74.18,61.7,26.27,51.2,0.5,1.2
342-U1403A-009H-2-0.38,74.18,74.9,24.74,55.6,-0.4,5.5
194-1192A-009H-5-0.8,74.3,57.3,16.4,52.74,0.25,8.59
359-U1465C-006F-1-0.51,74.31,40.0,17.515,46.6,3.6,3.9
317-U1354B-015H-1-0.98,74.48,48.7,48.988,42.8,-1.2,1.2
317-U1354B-015H-1-0.98,74.48,48.7,48.988,42.8,-1.2,1.2
342-U1405A-009H-2-0.37,74.57,87.2,15.29,39.6,-1.8,2.2
342-U1404A-009H-3-0.38,74.58,83.9,13.9,28.9,0.0,6.4
342-U1410A-008H-7-0.08,74.58,64.1,25.77,60.5,1.1,-0.8
342-U1406A-009H-2-0.38,74.58,75.1,11.93,60.6,-0.9,0.8
317-U1352B-008H-CC-0.12,74.68,44.9,51.056,47.3,-1.0,-0.5
317-U1352B-008H-CC-0.12,74.68,44.9,51.056,47.3,-1.0,-0.5
359-U1470A-009H-6-0.43,74.69,59.6,36.726,52.8,2.4,5.3
359-U1470A-009H-6-0.43,74.69,59.6,36.726,52.8,2.4,5.3
359-U1466A-009H-3-0.74,74.74,61.7,14.8645,56.5,1.6,9.8
359-U1471A-009H-3-0.74,74.84,62.4,29.264,49.5,1.2,9.1
372-U1517C-015H-3-1.38,74.84,48.4,45.799,38.42,0.41,0.55
317-U1351B-011H-4-0.7,74.9,44.7,44.555,32.5,-0.2,-1.9
194-1194A-009H-3-0.8,75.0,60.1,31.8,54.28,-1.52,11.51
342-U1407A-009H-2-0.38,75.18,65.5,19.99,62.5,-1.1,-0.6
342-U1410A-009H-1-0.24,75.24,63.9,24.4,53.3,0.5,0.1
359-U1468A-009H-5-0.68,75.26,55.8,25.551,56.8,4.4,7.6
194-1198A-009H-3-0.8,75.3,59.6,26.0,56.34,-0.94,6.78
342-U1411B-009H-7-0.2,75.34,61.9,49.23,41.5,-0.5,0.5
194-1195A-009H-4-0.8,75.42,71.6,28.4,58.38,-0.44,12.17
317-U1352B-009H-1-0.76,75.46,48.5,53.198,50.8,-0.8,-1.1
342-U1409A-009H-6-0.38,75.49,67.4,21.64,64.9,-0.5,-2.5
342-U1408A-009H-4-0.38,75.68,63.4,28.02,57.0,0.4,-1.3
342-U1403A-009H-3-0.38,75.68,75.3,22.54,61.4,0.9,3.6
342-U1408A-009H-4-0.38,75.68,63.4,28.02,57.0,0.4,-1.3
342-U1403A-009H-3-0.38,75.68,75.3,22.54,61.4,0.9,3.6
194-1195B-009H-1-0.8,75.7,59.7,32.0,58.88,0.45,11.3
317-U1354B-015H-3-0.4,75.88,42.3,34.88,36.7,-0.5,2.8
372-U1517C-015H-4-0.92,75.91,47.3,42.652,42.13,1.11,-0.86
342-U1405A-009H-3-0.37,76.07,86.1,14.89,47.0,-1.0,1.2
342-U1404A-009H-4-0.38,76.08,82.9,15.08,43.1,-0.1,4.4
342-U1406A-009H-3-0.38,76.08,75.6,13.03,60.4,-1.7,0.2
359-U1466A-009H-4-0.7,76.2,63.7,19.191,55.1,2.0,6.4
342-U1411B-009H-8-0.1,76.25,62.7,40.23,44.8,-1.0,0.8
317-U1353B-012H-3-1.2,76.38,47.3,43.816,40.3,-0.4,0.4
194-1194A-009H-4-0.8,76.5,56.5,27.4,56.81,-0.97,11.71
342-U1407A-009H-3-0.38,76.68,66.3,19.69,65.2,0.3,-2.7
194-1192A-009H-7-0.2,76.7,66.4,16.4,49.65,-0.22,10.85
317-U1351B-012H-1-1.0,76.7,61.9,14.05,40.9,-0.2,-0.9
359-U1467B-009H-5-0.74,76.74,60.5,21.008,50.8,1.0,10.3
342-U1409A-009H-7-0.15,76.76,65.2,22.65,58.7,-0.9,-0.6
342-U1409A-009H-7-0.15,76.76,65.2,22.65,58.7,-0.9,-0.6
194-1198A-009H-4-0.8,76.8,56.4,35.2,62.21,-1.45,9.84
342-U1410A-009H-2-0.38,76.88,63.4,26.55,44.8,0.3,2.7
194-1195A-009H-5-0.8,76.92,66.6,38.4,55.8,0.55,13.73
342-U1403A-009H-4-0.38,77.15,75.9,21.5,54.9,6.4,21.3
342-U1408A-009H-5-0.38,77.18,60.2,26.07,57.4,0.0,-0.8
372-U1517C-015H-5-1.14,77.2,48.5,45.849,38.15,0.57,1.45
342-U1411B-010H-1-0.38,77.28,63.9,35.03,47.9,-0.2,-0.9
194-1195B-009H-2-0.9,77.3,65.4,34.0,53.11,1.22,15.36
342-U1409A-010H-1-0.38,77.48,65.4,22.94,58.1,-1.1,-1.2
342-U1405A-009H-4-0.37,77.57,85.5,14.56,42.2,-1.0,1.1
342-U1404A-009H-5-0.38,77.58,82.4,14.99,46.4,0.0,1.2
342-U1406A-009H-4-0.38,77.59,74.3,14.27,56.4,-0.6,1.3
359-U1466A-009H-5-0.74,77.74,60.6,19.791,53.2,3.0,5.0
359-U1471A-009H-5-0.67,77.77,64.0,27.481,46.7,1.5,8.2
359-U1471A-009H-5-0.67,77.77,64.0,27.481,46.7,1.5,8.2
194-1192A-010H-1-0.8,77.8,57.7,18.6,55.01,0.0,12.64
194-1194A-009H-5-0.8,78.0,57.3,23.6,55.78,-1.34,10.97
342-U1410A-009H-3-0.13,78.13,62.9,24.94,50.6,1.5,1.3
342-U1407A-009H-4-0.38,78.18,64.2,21.51,60.0,-1.4,-0.3
342-U1408A-009H-6-0.15,78.26,62.1,26.64,46.3,0.0,0.1
194-1198A-009H-5-0.8,78.3,56.7,31.8,60.08,-0.64,9.26
372-U1517C-015H-6-0.83,78.32,50.3,40.758,37.57,0.67,3.35
317-U1352B-009H-3-0.7,78.4,46.8,54.855,47.1,-0.6,-0.9
194-1195A-009H-6-0.8,78.42,64.3,37.0,54.7,0.78,14.25
342-U1403A-009H-5-0.38,78.62,77.5,22.31,63.2,6.5,12.2
194-1195B-009H-3-0.8,78.7,63.3,30.8,53.77,1.35,13.02
342-U1411B-010H-2-0.38,78.78,62.1,41.97,40.4,0.0,2.3
359-U1470A-010H-1-0.73,78.83,57.8,54.171,50.9,2.3,5.8
359-U1470A-010H-1-0.73,78.83,57.8,54.171,50.9,2.3,5.8
359-U1467B-009H-7-0.37,78.89,62.4,19.475,46.3,1.2,10.5
342-U1409A-010H-2-0.38,78.98,65.6,22.65,57.9,-0.3,0.0
342-U1410A-009H-4-0.38,79.03,63.8,26.41,56.2,0.2,-1.8
342-U1405A-009H-5-0.37,79.07,85.5,15.09,51.8,-1.4,0.7
342-U1404A-009H-6-0.38,79.08,83.6,16.0,40.9,-2.9,3.1
342-U1406A-009H-5-0.38,79.1,73.8,15.37,54.4,0.8,2.8
359-U1466A-009H-6-0.65,79.15,52.2,20.561,68.8,3.3,5.0
359-U1466A-009H-6-0.65,79.15,52.2,20.561,68.8,3.3,5.0
194-1192A-010H-2-0.8,79.3,63.1,21.8,54.73,-0.02,11.73
194-1194A-009H-6-0.8,79.5,54.7,26.0,52.11,-0.87,7.89
372-U1517C-015H-7-1.21,79.67,50.2,38.249,38.57,0.64,2.64
342-U1407A-009H-5-0.38,79.68,65.2,19.97,63.2,-0.2,-2.2
194-1198A-009H-6-0.8,79.8,56.8,29.0,63.31,-1.03,8.95
359-U1468A-010H-1-0.51,79.91,45.6,24.64,57.6,5.3,9.8
359-U1468A-010H-1-0.51,79.91,45.6,24.64,57.6,5.3,9.8
194-1195A-009H-7-0.8,79.92,66.3,27.6,54.45,0.91,12.88
342-U1403A-009H-6-0.38,80.08,77.7,21.7,58.6,5.7,16.7
359-U1471A-009H-7-0.32,80.15,61.1,47.307,48.6,1.4,8.2
194-1195B-009H-4-0.8,80.2,71.8,25.0,50.18,0.24,9.28
194-1195B-009H-4-0.8,80.2,71.8,25.0,50.18,0.24,9.28
342-U1411B-010H-3-0.38,80.28,61.8,40.16,39.7,0.6,2.0
359-U1467B-010H-1-0.78,80.28,61.5,19.381,47.7,1.1,10.2
317-U1353B-014X-CC-0.1,80.3,50.9,14.536,46.1,-1.4,5.3
194-1195A-009H-8-0.2,80.32,68.2,31.8,51.19,0.51,12.06
317-U1353B-014X-CC-0.14,80.34,46.9,14.536,46.1,-1.4,5.3
194-1194A-009H-7-0.2,80.4,54.4,29.0,58.0,-0.71,10.72
342-U1409A-010H-3-0.38,80.48,64.8,20.92,59.6,0.1,0.2
342-U1406A-009H-6-0.3,80.53,73.4,14.15,61.6,-1.0,-0.1
342-U1410A-009H-5-0.38,80.53,66.6,16.19,68.7,1.4,-3.8
342-U1405A-009H-6-0.35,80.55,83.8,16.58,48.1,-2.5,1.1
342-U1404A-009H-7-0.38,80.58,82.7,16.43,36.4,-4.6,4.8
342-U1404A-009H-7-0.38,80.58,82.7,16.43,36.4,-4.6,4.8
342-U1408A-010H-1-0.38,80.68,65.7,23.57,52.8,-2.1,-0.6
194-1198A-009H-7-0.2,80.7,58.1,27.6,53.41,-0.75,8.45
194-1192A-010H-3-0.8,80.8,67.3,21.8,54.74,-0.11,13.07
317-U1354C-004X-2-1.46,81.06,48.2,42.685,40.3,-1.1,3.1
317-U1354C-004X-2-1.48,81.08,48.9,42.685,40.3,-1.1,3.1
342-U1404A-010H-1-0.38,81.08,84.4,17.41,42.5,-0.3,0.6
342-U1403A-009H-7-0.14,81.14,78.0,19.92,55.3,0.5,6.6
342-U1407A-009H-6-0.38,81.18,62.4,16.25,73.4,0.2,-2.9
317-U1352B-009H-5-0.52,81.22,43.9,55.23,42.6,0.3,-1.6
359-U1471A-010H-1-0.87,81.47,64.1,23.444,46.8,1.7,9.2
194-1194A-010H-1-0.8,81.5,56.0,28.0,54.09,-1.23,10.2
359-U1470A-010H-3-0.73,81.64,53.9,42.198,50.0,2.3,6.3
194-1195B-009H-5-0.8,81.7,72.1,29.6,55.71,0.16,13.08
359-U1466A-010H-1-0.74,81.74,53.6,15.494,51.3,3.3,4.4
342-U1411B-010H-4-0.38,81.78,59.0,41.33,41.1,-0.6,3.4
194-1198A-010H-1-0.8,81.8,58.8,26.8,58.43,-1.01,10.78
194-1198A-010H-1-0.8,81.8,58.8,26.8,58.43,-1.01,10.78
342-U1405A-009H-7-0.14,81.84,85.9,14.69,48.5,-0.1,-0.5
342-U1406A-009H-7-0.14,81.9,74.9,14.64,59.1,-2.1,-0.3
342-U1409A-010H-4-0.38,81.98,63.6,24.38,62.2,0.3,-1.8
342-U1410A-009H-6-0.38,82.03,64.7,28.41,51.3,-1.5,2.3
342-U1408A-010H-2-0.38,82.18,63.7,21.81,56.9,-0.1,-0.3
342-U1403A-010H-1-0.38,82.18,79.1,19.85,64.7,6.9,11.9
194-1192A-010H-4-0.8,82.3,47.3,20.0,54.24,-0.23,10.49
342-U1407A-009H-7-0.15,82.45,67.6,18.31,58.7,-1.8,-1.1
342-U1405A-010H-1-0.38,82.58,85.0,17.38,51.4,0.1,-0.6
342-U1406A-010H-1-0.38,82.58,75.1,13.17,55.2,-1.4,0.5
342-U1404A-010H-2-0.38,82.58,83.8,15.12,44.2,-0.5,0.1
317-U1352B-009H-6-0.52,82.72,43.5,39.043,35.8,0.1,-1.6
317-U1352B-009H-6-0.52,82.72,43.5,39.043,35.8,0.1,-1.6
317-U1352B-009H-6-0.63,82.83,48.3,45.338,41.7,-0.1,-1.0
194-1194A-010H-2-0.8,83.0,56.0,23.2,59.32,-1.34,10.06
359-U1468A-010H-3-0.74,83.14,57.6,46.701,57.1,4.8,9.9
342-U1407A-010H-1-0.38,83.18,62.3,5.79,81.6,-0.8,-3.2
194-1195B-009H-6-0.8,83.2,65.2,32.4,56.22,0.33,12.88
359-U1466A-010H-2-0.74,83.25,66.0,14.991,60.0,3.4,6.2
317-U1354C-004X-4-0.67,83.27,47.4,40.778,43.0,-1.4,2.7
342-U1411B-010H-5-0.38,83.28,60.5,45.02,38.6,-1.3,1.9
359-U1467B-010H-3-0.78,83.28,66.7,36.284,45.6,1.2,8.7
194-1198A-010H-2-0.8,83.3,56.1,28.6,60.13,-1.38,9.42
342-U1410A-009H-7-0.2,83.35,63.2,28.96,53.7,0.1,-1.7
342-U1410A-009H-7-0.2,83.35,63.2,28.96,53.7,0.1,-1.7
342-U1409A-010H-5-0.38,83.48,63.3,24.72,64.1,-1.5,-0.9
372-U1517C-016H-3-0.89,83.48,47.7,43.735,37.81,0.46,0.83
342-U1408A-010H-3-0.38,83.68,64.3,22.57,51.5,1.1,1.2
342-U1403A-010H-2-0.38,83.69,76.8,20.53,57.1,13.1,14.9
194-1192A-010H-5-0.8,83.8,55.2,19.8,54.13,-0.35,8.69
342-U1405A-010H-2-0.38,84.08,85.3,14.98,43.7,-1.3,1.0
342-U1406A-010H-2-0.38,84.08,79.5,15.78,57.4,-3.1,1.0
342-U1404A-010H-3-0.38,84.08,82.7,16.59,38.9,-1.2,1.6
342-U1404A-010H-3-0.38,84.08,82.7,16.59,38.9,-1.2,1.6
194-1195B-009H-7-0.2,84.1,63.6,30.0,53.16,0.15,12.48
194-1195B-009H-7-0.2,84.1,63.6,30.0,53.16,0.15,12.48
359-U1471A-010H-3-0.81,84.41,61.5,55.167,50.9,1.5,5.7
359-U1470A-010H-5-0.73,84.47,54.1,48.591,54.2,2.0,5.1
194-1194A-010H-3-0.8,84.5,57.7,22.8,54.63,-0.95,10.44
359-U1466A-010H-3-0.5,84.52,61.5,23.04,61.4,3.2,6.7
372-U1517C-016H-4-1.0,84.53,51.4,43.886,39.71,0.42,1.3
342-U1410A-010H-1-0.1,84.6,61.7,23.97,50.5,-0.2,-0.2
342-U1410A-010H-1-0.1,84.6,61.7,23.97,50.5,-0.2,-0.2
342-U1407A-010H-2-0.38,84.68,61.0,5.8,80.3,-0.1,-3.8
342-U1411B-010H-6-0.38,84.78,61.1,42.79,48.1,1.0,-1.7
194-1198A-010H-3-0.8,84.8,57.9,25.8,55.4,-0.97,10.09
342-U1409A-010H-6-0.26,84.86,63.1,21.27,65.6,-1.8,0.2
342-U1408A-010H-4-0.38,85.18,63.9,20.52,59.3,0.9,-1.0
342-U1403A-010H-3-0.38,85.2,79.0,20.37,59.8,6.2,15.9
342-U1410A-010H-2-0.2,85.2,61.0,27.14,57.0,-0.1,-1.2
194-1195B-010H-1-0.8,85.2,66.0,22.0,54.69,0.63,13.57
359-U1466A-010H-4-0.17,85.22,74.6,17.585,55.4,2.5,5.7
317-U1354C-005X-2-1.48,85.28,43.0,26.725,36.5,-1.0,2.8
194-1192A-010H-6-0.8,85.3,57.4,22.2,53.16,-0.2,10.13
317-U1351B-013H-1-0.1,85.3,47.1,30.662,18.4,2.9,-7.9
194-1192A-010H-6-0.8,85.3,57.4,22.2,53.16,-0.2,10.13
372-U1517C-016H-5-0.71,85.39,49.7,42.879,39.6,0.64,0.91
317-U1352B-010H-2-0.93,85.39,47.5,51.841,42.1,-0.4,-1.2
342-U1404A-010H-4-0.38,85.58,83.9,14.96,49.6,-1.5,-1.7
342-U1406A-010H-3-0.38,85.58,78.4,14.47,56.0,-2.1,0.8
342-U1405A-010H-3-0.38,85.58,86.1,14.19,47.6,-1.5,0.5
317-U1354C-005X-3-0.36,85.66,47.3,50.963,44.5,-1.7,1.6
317-U1354C-005X-3-0.36,85.66,47.3,50.963,44.5,-1.7,1.6
342-U1410A-010H-3-0.3,85.98,59.0,28.0,63.7,0.3,-1.4
194-1194A-010H-4-0.8,86.0,53.6,24.4,55.24,-0.97,6.5
342-U1411B-010H-7-0.14,86.04,58.3,36.55,40.6,-0.7,0.9
342-U1409A-010H-7-0.1,86.11,62.7,20.18,64.2,-1.5,2.6
359-U1468A-010H-5-0.74,86.14,55.0,39.958,43.6,3.4,4.4
342-U1407A-010H-3-0.38,86.18,63.4,4.83,88.0,0.7,-4.4
194-1192A-010H-7-0.2,86.2,59.0,17.0,50.44,-0.19,7.19
317-U1351B-013H-2-0.1,86.28,45.4,58.159,39.7,-0.9,-1.8
317-U1351B-013H-2-0.1,86.28,45.4,58.159,39.7,-0.9,-1.8
359-U1467B-010H-5-0.79,86.29,64.6,31.584,45.5,0.8,11.4
359-U1466A-010H-5-0.75,86.29,58.7,19.971,64.8,2.9,5.8
194-1198A-010H-4-0.8,86.3,54.6,30.4,57.49,-1.08,9.08
342-U1411B-011H-1-0.16,86.56,64.4,34.12,48.4,-0.7,-0.9
342-U1411B-011H-1-0.16,86.56,64.4,34.12,48.4,-0.7,-0.9
342-U1403A-010H-4-0.38,86.66,76.9,20.91,56.0,11.2,18.8
342-U1403A-010H-4-0.38,86.66,76.9,20.91,56.0,11.2,18.8
372-U1517C-016H-6-1.1,86.67,49.6,43.342,41.13,0.87,1.08
342-U1408A-010H-5-0.38,86.68,63.6,20.98,58.7,-0.5,-1.7
194-1195B-010H-2-0.8,86.7,61.1,24.2,54.5,0.17,13.27
194-1195B-010H-2-0.8,86.7,61.1,24.2,54.5,0.17,13.27
342-U1409A-011H-1-0.38,86.98,62.9,20.57,65.2,0.3,-2.0
342-U1405A-010H-4-0.38,87.08,85.0,15.44,49.1,-0.5,-1.0
342-U1404A-010H-5-0.38,87.08,83.0,16.77,46.3,-0.6,0.3
342-U1406A-010H-4-0.38,87.08,77.7,15.63,66.0,-1.0,-2.1
359-U1471A-010H-5-0.76,87.36,63.7,21.168,48.5,1.5,10.7
359-U1471A-010H-5-0.76,87.36,63.7,21.168,48.5,1.5,10.7
194-1194A-010H-5-0.8,87.5,53.2,27.0,55.41,-0.88,7.21
342-U1410A-010H-4-0.38,87.53,61.0,26.93,59.1,0.0,-1.3
342-U1407A-010H-4-0.38,87.68,64.6,4.43,87.1,1.0,-4.8
359-U1466A-010H-6-0.7,87.74,57.6,18.891,52.5,2.8,4.3
194-1198A-010H-5-0.8,87.8,56.8,25.2,60.39,-0.93,7.17
317-U1352B-010H-4-0.5,87.96,45.8,50.57,42.4,-0.5,0.0
342-U1403A-010H-5-0.38,88.13,76.6,21.57,63.9,6.5,9.1
342-U1408A-010H-6-0.38,88.18,63.6,20.92,60.5,0.3,-1.5
194-1195B-010H-3-0.8,88.2,58.3,23.2,53.77,-0.05,12.05
372-U1517C-016H-7-1.22,88.21,51.7,38.662,44.79,1.07,0.01
342-U1411B-011H-2-0.38,88.28,59.3,42.56,39.6,0.5,1.7
194-1192A-012H-1-0.8,88.3,59.3,21.0,53.51,-0.46,10.31
359-U1470A-011H-1-0.72,88.32,52.8,47.264,51.2,2.2,4.6
317-U1351B-013H-3-0.69,88.37,40.1,60.525,33.6,0.5,-2.4
342-U1409A-011H-2-0.38,88.48,61.4,21.97,65.7,-0.3,2.7
342-U1405A-010H-5-0.38,88.58,84.6,16.53,42.6,-1.6,0.4
342-U1406A-010H-5-0.38,88.58,73.8,12.99,65.0,-0.5,-0.5
342-U1404A-010H-6-0.38,88.58,82.7,16.36,42.3,-1.0,2.4
342-U1410A-010H-5-0.38,88.63,63.6,30.07,46.2,0.0,1.4
359-U1467B-010H-7-0.28,88.78,61.0,24.021,46.5,1.1,11.0
359-U1467B-010H-7-0.28,88.78,61.0,24.021,46.5,1.1,11.0
359-U1466A-011H-1-0.4,88.9,55.7,8.643,69.9,5.2,8.6
194-1194A-010H-6-0.8,89.0,58.5,33.0,52.01,-1.15,10.06
317-U1351B-013H-3-1.38,89.06,60.6,57.412,41.0,-0.6,-0.3
342-U1407A-010H-5-0.38,89.18,62.4,4.31,86.3,0.8,-3.4
194-1198A-010H-6-0.8,89.3,59.2,27.0,62.67,-0.56,9.24
342-U1408A-010H-7-0.14,89.44,61.0,21.76,64.2,0.4,-1.7
372-U1517C-016H-8-1.04,89.49,49.2,39.675,42.27,0.57,-1.5
359-U1466A-011H-2-0.24,89.57,53.2,5.594,73.2,4.0,5.6
342-U1403A-010H-6-0.38,89.59,76.2,27.87,56.3,-1.1,6.2
194-1195B-010H-4-0.8,89.7,63.8,21.6,55.94,-0.65,12.38
359-U1467B-011H-1-0.78,89.78,66.1,31.854,45.6,1.0,11.7
342-U1411B-011H-3-0.38,89.78,59.5,43.25,41.1,0.8,-0.3
342-U1404A-010H-7-0.16,89.86,82.0,15.71,46.4,0.0,-0.7
359-U1471A-010H-7-0.3,89.9,62.4,23.724,47.6,1.1,10.4
194-1194A-010H-7-0.2,89.9,57.6,26.6,53.62,-0.92,9.8
194-1194A-010H-7-0.2,89.9,57.6,26.6,53.62,-0.92,9.8
342-U1406A-010H-6-0.22,89.92,76.7,13.56,57.1,-1.8,1.8
342-U1409A-011H-3-0.38,89.98,61.2,23.31,64.2,0.8,2.6
359-U1468A-011H-1-1.12,90.02,53.6,32.297,60.4,3.9,9.6
342-U1410A-010H-6-0.38,90.03,61.5,26.96,51.7,0.7,0.1
342-U1405A-010H-6-0.33,90.03,86.1,14.98,44.8,-2.9,2.0
317-U1352B-010H-5-1.07,90.03,44.7,48.973,40.4,-0.7,1.6
342-U1408A-011H-1-0.38,90.18,63.5,25.33,51.8,0.7,0.9
342-U1404A-011H-1-0.2,90.4,83.3,28.55,43.9,0.1,-0.4
359-U1466A-011H-3-0.64,90.5,54.7,5.834,74.7,4.4,7.7
317-U1352B-010H-6-0.09,90.55,44.3,41.681,44.3,-1.0,0.8
342-U1407A-010H-6-0.38,90.68,63.1,5.07,86.9,0.9,-2.5
359-U1471A-011H-1-0.73,90.83,63.6,21.788,49.2,1.5,10.2
342-U1403A-010H-7-0.2,90.91,77.8,21.44,55.4,4.6,16.6
194-1194A-011H-1-0.8,91.0,56.5,48.2,54.14,-0.59,10.76
342-U1406A-010H-7-0.14,91.04,77.2,11.75,56.3,-0.7,0.9
372-U1517C-016H-9-1.21,91.06,48.7,39.588,41.78,1.04,0.5
372-U1517C-016H-9-1.21,91.06,48.7,39.588,41.78,1.04,0.5
342-U1411B-011H-4-0.38,91.08,58.2,42.86,38.6,0.3,1.3
194-1195B-010H-5-0.8,91.2,55.4,24.6,57.53,-0.47,12.46
194-1198A-011H-1-0.8,91.3,53.9,26.8,56.41,-0.55,8.57
359-U1470A-011H-3-0.74,91.35,52.9,57.671,51.9,2.2,4.3
342-U1405A-010H-7-0.17,91.37,84.2,14.93,47.8,-0.8,-0.8
342-U1410A-010H-7-0.38,91.44,61.5,25.45,54.8,0.8,-1.0
342-U1409A-011H-4-0.38,91.48,62.4,25.84,61.8,-0.2,-0.1
342-U1403A-011H-1-0.38,91.68,76.1,21.48,39.7,10.7,13.4
342-U1408A-011H-2-0.38,91.68,64.6,12.43,76.3,1.9,-4.5
342-U1407A-010H-7-0.2,91.7,56.3,3.91,85.2,3.5,-2.5
359-U1466A-011H-4-0.7,91.9,57.3,5.914,67.0,4.7,7.5
342-U1404A-011H-2-0.38,91.91,83.5,15.59,40.6,0.0,-0.1
359-U1468A-011H-3-0.36,91.95,55.7,18.591,57.7,3.3,7.4
372-U1517C-017H-1-1.4,92.0,52.1,41.613,38.77,0.64,1.01
317-U1352B-010H-7-0.1,92.06,48.4,39.742,42.8,-0.8,2.8
342-U1406A-011H-1-0.38,92.08,77.4,13.36,60.3,-0.9,-1.0
342-U1405A-011H-1-0.38,92.08,84.8,15.08,40.1,-0.9,1.7
359-U1467B-011H-3-0.4,92.22,61.6,24.685,46.6,1.1,13.0
194-1194A-011H-2-0.8,92.5,54.1,25.6,56.23,-0.62,9.76
342-U1411B-011H-5-0.38,92.58,60.1,45.23,36.6,0.7,2.4
342-U1407A-011H-1-0.38,92.68,60.6,3.46,90.4,3.1,-4.6
194-1195B-010H-6-0.8,92.7,62.6,27.0,55.55,-0.47,12.25
194-1198A-011H-2-0.8,92.8,60.5,26.2,59.57,-0.62,10.21
342-U1409A-011H-5-0.31,92.91,60.5,24.41,60.5,-1.3,-1.2
342-U1409A-011H-5-0.31,92.91,60.5,24.41,60.5,-1.3,-1.2
359-U1469A-011R-CC-0.01,93.01,51.8,5.898,42.1,5.2,-6.9
359-U1469A-011R-CC-0.01,93.01,51.8,5.898,42.1,5.2,-6.9
372-U1517C-017H-2-1.01,93.05,49.9,41.448,37.93,0.05,0.93
342-U1408A-011H-3-0.38,93.18,64.4,19.22,73.0,2.2,-1.0
342-U1403A-011H-2-0.38,93.18,74.2,23.12,58.3,3.6,9.7
342-U1404A-011H-3-0.38,93.44,82.3,16.03,47.0,0.2,-0.9
359-U1466A-011H-5-0.75,93.45,54.9,5.104,64.2,4.4,7.1
342-U1406A-011H-2-0.38,93.58,75.4,13.35,61.4,-1.0,0.3
194-1195B-010H-7-0.2,93.6,61.8,27.8,54.86,-0.74,11.76
359-U1471A-011H-3-0.75,93.85,58.1,22.838,50.7,1.3,8.6
194-1194A-011H-3-0.8,94.0,56.5,24.2,58.38,-0.44,11.31
342-U1411B-011H-6-0.38,94.08,59.4,48.14,48.4,-0.1,-2.1
359-U1468A-011H-5-0.74,94.09,49.0,16.511,61.5,3.4,8.4
342-U1407A-011H-2-0.38,94.18,60.7,5.64,88.8,2.4,-3.3
317-U1352B-011H-1-0.54,94.24,44.5,52.8,40.0,-1.9,2.3
194-1198A-011H-3-0.8,94.3,59.0,25.8,56.62,-0.65,9.36
194-1192A-012H-5-0.8,94.3,57.7,19.0,56.28,-0.16,8.79
359-U1470A-011H-5-0.74,94.34,50.6,67.838,53.1,2.0,6.1
342-U1410A-011H-1-0.38,94.38,62.4,21.72,59.3,0.5,-0.6
342-U1410A-011H-1-0.38,94.38,62.4,21.72,59.3,0.5,-0.6
342-U1409A-011H-6-0.38,94.48,60.6,22.48,65.9,-0.6,-0.9
372-U1517C-017H-3-1.48,94.67,48.8,36.846,43.29,0.77,2.06
342-U1408A-011H-4-0.38,94.68,61.3,28.22,54.3,0.7,-1.3
342-U1403A-011H-3-0.38,94.68,74.0,24.84,58.2,5.3,15.9
194-1195B-011H-1-0.8,94.7,58.3,22.8,53.81,-0.77,10.23
342-U1404A-011H-4-0.31,94.83,82.7,15.49,40.9,-0.7,2.3
317-U1354C-006X-2-1.44,94.84,47.9,44.35,45.7,-1.0,1.9
317-U1354C-006X-2-1.48,94.88,47.5,44.35,47.4,-1.4,2.2
359-U1466A-011H-6-0.69,94.89,55.7,5.304,71.4,3.9,5.6
359-U1467B-011H-5-0.77,94.96,63.9,22.534,45.9,0.9,9.3
359-U1467B-011H-5-0.77,94.96,63.9,22.534,45.9,0.9,9.3
342-U1406A-011H-3-0.38,95.08,76.2,12.82,67.0,-0.4,-1.9
342-U1405A-011H-3-0.38,95.08,84.2,15.45,40.6,-1.5,2.0
342-U1411B-011H-7-0.14,95.34,58.4,47.82,46.0,-0.1,-2.1
342-U1411B-011H-7-0.14,95.34,58.4,47.82,46.0,-0.1,-2.1
317-U1351B-014X-1-0.69,95.39,30.2,47.985,38.3,-0.7,-1.6
317-U1352B-011H-2-0.19,95.39,42.6,43.081,39.8,-1.9,3.9
194-1194A-011H-4-0.8,95.5,57.4,22.4,61.25,-0.79,10.28
372-U1517C-017H-4-0.93,95.65,47.6,38.482,43.42,1.07,-0.5
342-U1407A-011H-3-0.38,95.68,64.7,4.17,89.7,3.4,-2.8
342-U1407A-011H-3-0.38,95.68,64.7,4.17,89.7,3.4,-2.8
342-U1409A-011H-7-0.14,95.74,62.8,23.6,60.7,-0.8,0.0
194-1198A-011H-4-0.8,95.8,57.6,23.2,59.1,-0.79,9.87
342-U1410A-011H-2-0.38,95.88,61.2,25.23,61.8,1.0,-3.2
359-U1468A-011H-7-0.38,95.97,55.5,39.197,53.7,3.7,8.7
359-U1466A-012F-1-0.2,96.0,57.1,8.154,68.4,3.3,6.0
359-U1466A-012F-1-0.2,96.0,57.1,8.154,68.4,3.3,6.0
342-U1408A-011H-5-0.38,96.18,62.8,23.47,65.0,0.6,-1.6
342-U1403A-011H-4-0.38,96.18,75.6,24.08,60.9,4.0,9.7
194-1195B-011H-2-0.8,96.2,60.4,22.8,58.58,-1.03,11.42
194-1195B-011H-2-0.8,96.2,60.4,22.8,58.58,-1.03,11.42
342-U1411B-012H-1-0.38,96.28,59.1,37.6,37.3,1.7,-0.2
317-U1351B-014X-2-0.11,96.31,44.7,49.825,42.1,-1.1,-0.3
372-U1517C-017H-5-0.78,96.46,48.6,41.782,46.45,1.12,0.21
342-U1409A-012H-1-0.38,96.48,62.5,24.55,56.6,-1.1,0.7
342-U1404A-012H-1-0.38,96.58,84.2,16.21,41.7,-1.9,0.0
342-U1406A-011H-4-0.38,96.58,75.9,14.43,61.4,-1.4,-0.4
342-U1405A-011H-4-0.38,96.58,83.9,16.61,48.8,0.0,-2.0
359-U1470A-011H-7-0.34,96.66,51.4,52.884,56.2,1.8,6.2
359-U1471A-011H-5-0.74,96.84,65.7,19.001,47.0,1.5,7.9
359-U1466A-012F-2-0.7,96.94,58.4,6.451,75.6,3.2,4.4
194-1194A-011H-5-0.8,97.0,56.6,19.8,58.88,-0.86,8.95
317-U1354C-006X-4-0.7,97.1,46.2,56.616,44.5,-1.0,1.2
342-U1407A-011H-4-0.38,97.18,61.2,4.71,86.1,2.3,-2.5
317-U1352B-011H-3-0.54,97.24,42.5,54.287,44.2,-2.3,2.4
194-1198A-011H-5-0.8,97.3,56.9,27.8,55.86,-0.46,7.24
342-U1410A-011H-3-0.38,97.38,60.3,28.06,45.2,-0.3,1.8
372-U1517C-017H-6-0.79,97.43,48.9,39.19,39.69,0.53,2.02
342-U1408A-011H-6-0.38,97.68,61.3,22.29,58.8,2.0,-1.9
342-U1403A-011H-5-0.38,97.68,75.0,24.59,59.1,0.8,4.5
194-1195B-011H-3-0.8,97.7,60.7,21.6,57.74,-0.77,11.23
342-U1411B-012H-2-0.38,97.78,59.6,47.71,37.1,1.6,0.6
359-U1470A-012H-1-0.75,97.85,49.7,60.601,51.8,1.5,5.8
342-U1409A-012H-2-0.38,97.98,61.6,18.28,86.5,0.1,-4.0
342-U1404A-012H-2-0.38,98.03,80.8,18.13,45.9,-0.7,0.9
342-U1405A-011H-5-0.38,98.08,79.6,17.18,41.8,-1.1,1.8
342-U1406A-011H-5-0.38,98.08,65.0,26.7,62.1,-1.3,-1.0
359-U1466A-012F-3-0.44,98.17,57.0,7.27,73.0,3.6,6.7
317-U1352B-011H-4-0.19,98.37,45.3,27.585,47.6,-1.5,5.9
372-U1517C-017H-7-0.87,98.48,49.1,38.133,42.29,1.01,-0.28
194-1194A-011H-6-0.8,98.5,55.7,33.8,55.25,-1.25,9.07
342-U1407A-011H-5-0.38,98.68,59.7,4.76,84.7,3.9,-1.8
342-U1408A-011H-7-0.14,98.75,60.8,26.71,49.4,-0.4,1.4
194-1198A-011H-6-0.8,98.8,59.0,32.8,53.41,-0.15,9.38
342-U1410A-011H-4-0.38,98.88,65.7,20.82,58.2,1.9,0.1
359-U1467B-012H-1-0.45,98.95,62.2,22.989,50.5,1.3,7.8
359-U1466A-012F-4-0.34,98.97,56.6,6.776,69.7,2.9,5.7
342-U1403A-011H-6-0.38,99.18,70.5,28.45,53.8,-0.4,7.1
372-U1517C-017H-8-0.67,99.2,49.5,41.832,39.82,0.63,2.3
359-U1471A-011H-7-0.3,99.24,62.9,30.707,47.4,1.7,10.1
342-U1411B-012H-3-0.38,99.28,58.3,41.41,40.1,0.6,0.4
342-U1408A-012H-1-0.08,99.38,63.1,21.93,53.2,0.5,0.5
342-U1408A-012H-1-0.08,99.38,63.1,21.93,53.2,0.5,0.5
194-1194A-011H-7-0.2,99.4,57.7,23.2,58.05,-1.13,8.13
359-U1468A-012H-1-1.0,99.4,53.0,21.032,53.4,2.7,9.2
342-U1406A-011H-6-0.22,99.43,73.2,20.31,53.1,-1.5,0.3
317-U1352B-011H-4-1.29,99.47,44.6,53.522,46.5,-2.2,1.7
342-U1404A-012H-3-0.38,99.48,81.7,18.99,41.8,-1.8,1.6
342-U1409A-012H-3-0.38,99.48,61.4,12.64,73.9,-1.2,-1.7
342-U1405A-011H-6-0.38,99.58,83.7,15.31,49.1,-0.5,0.0
194-1198A-011H-7-0.2,99.7,62.3,34.4,60.27,-0.67,10.1
342-U1408A-012H-2-0.28,99.99,60.9,24.91,52.7,-0.1,1.0
342-U1407A-011H-6-0.38,100.18,59.0,4.53,85.4,2.9,-0.9
359-U1471A-012H-1-0.74,100.34,62.9,26.544,47.9,1.5,10.3
342-U1410A-011H-5-0.38,100.38,61.0,25.3,55.3,1.4,-0.8
342-U1403A-011H-7-0.13,100.43,72.8,25.64,52.1,1.2,6.3
194-1194A-012H-1-0.8,100.5,54.6,21.2,62.76,-0.94,10.68
342-U1406A-011H-7-0.2,100.62,74.1,15.91,53.1,-1.5,2.8
194-1195B-011H-5-0.8,100.7,55.5,23.8,57.21,-1.22,10.85
359-U1470A-012H-3-0.75,100.71,52.3,75.384,57.3,1.7,6.8
342-U1411B-012H-4-0.38,100.78,58.4,45.82,40.4,-1.5,2.0
194-1198A-012H-1-0.8,100.8,69.4,22.6,53.44,-0.2,9.57
342-U1405A-011H-7-0.17,100.87,80.8,17.45,53.1,0.0,0.6
342-U1404A-012H-4-0.38,100.93,81.0,20.96,39.6,-1.8,3.7
342-U1409A-012H-4-0.38,100.98,63.2,9.62,73.9,-0.6,1.1
342-U1403A-012H-1-0.32,101.12,68.8,27.57,46.8,-1.1,7.4
359-U1467B-013H-1-0.75,101.15,62.7,32.384,45.8,0.9,8.9
359-U1467B-013H-1-0.75,101.15,62.7,32.384,45.8,0.9,8.9
359-U1466A-013H-1-0.74,101.24,59.3,9.738,71.0,3.8,5.2
359-U1468A-012H-3-0.33,101.42,55.9,17.551,64.3,3.2,11.3
372-U1517C-018H-2-1.38,101.54,51.9,38.584,45.59,0.8,-0.8
342-U1405A-012H-1-0.38,101.58,81.4,20.53,44.8,-1.0,2.0
342-U1406A-012H-1-0.38,101.58,79.6,18.74,40.4,0.7,-1.7
342-U1408A-012H-3-0.38,101.59,61.2,22.85,57.7,-0.3,0.3
342-U1407A-011H-7-0.3,101.6,60.1,3.93,93.2,3.2,-3.0
342-U1410A-011H-6-0.23,101.73,61.2,22.56,50.0,0.8,1.7
194-1194A-012H-2-0.8,102.0,55.4,25.4,58.12,-1.5,9.05
342-U1411B-012H-5-0.2,102.1,58.4,42.69,46.8,0.7,-0.3
194-1195B-011H-6-0.8,102.2,59.6,23.6,55.85,-0.91,10.69
342-U1407A-012H-1-0.4,102.2,58.3,3.99,80.3,6.4,6.0
194-1198A-012H-2-0.8,102.3,61.8,30.8,57.63,-0.6,9.25
342-U1404A-012H-5-0.38,102.38,81.8,19.08,50.3,,-1.4
342-U1409A-012H-5-0.38,102.48,59.3,4.92,87.6,2.4,-2.3
342-U1409A-012H-5-0.38,102.48,59.3,4.92,87.6,2.4,-2.3
342-U1403A-012H-2-0.38,102.68,67.5,30.2,46.4,-2.4,8.7
359-U1469A-012R-CC-0.01,102.71,51.2,5.158,33.9,8.3,-5.0
342-U1410A-011H-7-0.1,102.71,61.0,25.28,56.3,-1.1,-0.5
317-U1352B-011H-7-0.54,102.72,45.9,52.02,47.5,-2.2,1.6
359-U1466A-013H-2-0.74,102.74,55.5,10.044,77.6,3.4,3.7
372-U1517C-018H-3-1.28,102.85,52.6,33.363,42.99,0.65,1.15
317-U1354C-007X-1-1.43,102.93,50.2,43.837,47.5,-0.8,0.4
317-U1354C-007X-1-1.48,102.98,47.4,43.837,45.4,-1.3,1.7
342-U1405A-012H-2-0.38,103.08,80.1,17.62,45.9,-1.3,1.6
342-U1406A-012H-2-0.38,103.08,73.4,17.23,57.8,-2.0,0.8
342-U1408A-012H-4-0.38,103.09,60.7,26.25,47.1,0.8,1.9
342-U1408A-012H-4-0.38,103.09,60.7,26.25,47.1,0.8,1.9
194-1195B-011H-7-0.2,103.1,54.4,21.8,60.11,-0.75,10.37
342-U1411B-012H-6-0.38,103.3,58.7,25.89,41.2,0.1,0.0
342-U1411B-012H-6-0.38,103.3,58.7,25.89,41.2,0.1,0.0
359-U1471A-012H-3-0.74,103.34,67.5,31.184,43.7,1.7,8.7
359-U1468A-012H-5-0.75,103.5,58.5,18.194,55.8,3.1,8.9
359-U1470A-012H-5-0.75,103.66,52.2,62.288,58.9,1.1,5.5
317-U1354C-007X-2-0.7,103.7,50.4,46.382,45.3,-0.9,0.0
194-1198A-012H-3-0.8,103.8,60.7,24.6,56.92,-0.78,8.99
342-U1404A-012H-6-0.38,103.88,83.4,18.16,36.0,-1.2,3.4
342-U1410A-012H-1-0.38,103.88,62.6,15.84,60.8,0.0,-0.8
342-U1409A-012H-6-0.38,103.98,62.9,4.26,89.1,3.7,-2.2
359-U1466A-013H-3-0.61,104.11,54.1,9.978,83.8,4.0,4.7
359-U1467B-013H-3-0.74,104.14,64.4,32.364,46.3,1.2,7.1
342-U1403A-012H-3-0.38,104.18,70.0,30.03,56.5,-0.6,2.4
194-1195B-012H-1-0.8,104.2,65.5,28.2,51.39,-1.22,8.92
194-1195B-012H-1-0.8,104.2,65.5,28.2,51.39,-1.22,8.92
317-U1352B-012H-1-1.22,104.42,48.7,52.756,47.0,-2.2,2.3
317-U1352B-012H-1-1.22,104.42,48.7,52.756,47.0,-2.2,2.3
372-U1517C-018H-4-1.45,104.44,51.7,34.27,44.25,0.97,-0.24
342-U1411B-012H-7-0.14,104.56,56.9,45.02,38.0,0.2,0.7
342-U1405A-012H-3-0.38,104.58,-10.2,16.45,44.2,0.2,-0.6
342-U1406A-012H-3-0.38,104.58,71.3,17.21,57.4,-1.3,0.6
342-U1408A-012H-5-0.38,104.59,61.1,24.04,54.1,0.7,-1.0
194-1194A-012H-4-0.8,105.0,56.6,28.4,55.0,-0.99,8.55
372-U1517C-018H-5-0.51,105.0,50.5,38.79,42.43,0.82,-0.28
342-U1404A-012H-7-0.11,105.11,83.6,16.25,39.4,-2.6,3.4
342-U1409A-012H-7-0.16,105.26,63.5,4.43,84.2,3.6,0.8
194-1198A-012H-4-0.8,105.3,62.4,25.8,54.26,-0.58,9.02
342-U1410A-012H-2-0.38,105.38,62.4,24.05,57.8,1.0,-1.2
317-U1352B-012H-2-0.89,105.59,46.6,55.301,45.1,-2.4,1.9
359-U1468A-012H-7-0.4,105.65,48.9,27.7,65.7,3.9,7.7
342-U1403A-012H-4-0.38,105.69,71.6,30.55,59.8,-1.1,1.3
194-1195B-012H-2-0.8,105.7,56.7,21.6,60.51,-0.82,11.05
359-U1466A-013H-4-0.71,105.71,61.3,12.804,71.9,2.25,9.75
342-U1411B-013H-1-0.38,105.78,59.9,43.56,37.5,0.1,-0.5
372-U1517C-018H-6-0.71,105.97,39.0,38.402,40.04,1.25,-0.27
342-U1409A-013H-1-0.38,105.98,63.8,3.84,90.3,3.3,-1.8
342-U1406A-012H-4-0.38,106.08,71.1,17.88,55.2,-1.9,1.3
342-U1406A-012H-4-0.38,106.08,71.1,17.88,55.2,-1.9,1.3
342-U1405A-012H-4-0.38,106.08,82.7,16.75,37.3,-1.7,3.4
342-U1408A-012H-6-0.38,106.09,64.2,23.33,50.6,-3.4,1.3
342-U1404A-013H-1-0.42,106.12,83.8,13.17,26.4,0.7,-3.7
359-U1471A-012H-5-0.74,106.34,62.5,26.214,48.8,1.4,10.7
194-1194A-012H-5-0.8,106.5,56.0,21.6,55.09,-0.78,7.46
342-U1404A-013H-2-0.51,106.73,82.0,15.66,41.7,-0.5,1.3
194-1198A-012H-5-0.8,106.8,62.4,25.4,59.61,-0.48,9.15
342-U1404A-013H-2-0.6,106.82,81.6,17.3,41.4,-0.5,2.3
342-U1410A-012H-3-0.38,106.88,64.4,17.98,68.5,-0.3,-0.6
372-U1517C-018H-7-0.87,106.98,47.5,43.288,39.98,1.49,-0.06
359-U1468A-013H-1-0.58,106.98,56.4,15.176,54.1,2.8,6.0
359-U1467B-013H-5-0.74,107.14,63.5,25.171,49.4,1.4,6.2
342-U1403A-012H-5-0.38,107.19,70.5,30.23,58.5,1.6,4.9
194-1195B-012H-3-0.8,107.2,55.3,25.8,58.84,-1.34,10.47
359-U1466A-013H-5-0.72,107.22,56.8,15.018,70.1,2.5,9.2
342-U1411B-013H-2-0.38,107.28,58.2,43.79,39.7,1.3,-0.2
317-U1353B-018X-1-0.7,107.3,41.9,53.525,49.3,-0.9,0.4
317-U1353B-018X-1-0.7,107.3,41.9,53.525,49.3,,0.4
359-U1470A-013H-1-0.75,107.35,56.5,43.784,52.8,1.0,6.0
342-U1409A-013H-2-0.38,107.51,60.4,4.75,81.9,5.6,1.3
342-U1409A-013H-2-0.38,107.51,60.4,4.75,81.9,5.6,1.3
342-U1405A-012H-5-0.38,107.58,83.1,16.58,41.7,-1.2,1.8
342-U1406A-012H-5-0.38,107.58,69.7,17.55,58.1,-1.1,0.3
342-U1406A-012H-5-0.38,107.58,69.7,17.55,58.1,-1.1,0.3
342-U1408A-012H-7-0.38,107.59,62.3,26.71,53.2,1.0,-1.6
317-U1353B-018X-1-1.38,107.98,42.0,47.463,46.2,-0.5,0.2
194-1194A-012H-6-0.8,108.0,59.3,24.8,60.12,-0.75,9.71
317-U1353B-018X-1-1.43,108.03,41.5,44.196,47.0,-1.0,1.8
372-U1517C-018H-8-0.8,108.06,48.1,40.918,38.54,0.72,1.34
372-U1517C-018H-8-0.8,108.06,48.1,40.918,38.54,0.72,1.34
342-U1404A-013H-3-0.38,108.11,82.7,18.82,40.4,-0.8,3.7
194-1198A-012H-6-0.8,108.3,58.0,27.2,52.46,-0.49,6.95
342-U1404A-013H-3-0.62,108.35,82.0,18.69,42.6,-0.9,0.1
342-U1410A-012H-4-0.38,108.38,61.6,16.18,68.7,-0.3,-1.8
317-U1352B-012H-4-0.79,108.45,46.0,53.775,40.0,-0.8,0.1
359-U1466A-013H-6-0.49,108.49,55.6,10.916,68.1,4.1,8.0
359-U1471A-012H-7-0.31,108.67,66.1,20.044,44.2,1.6,9.2
194-1195B-012H-4-0.8,108.7,56.5,21.2,60.07,-0.97,9.73
342-U1403A-012H-6-0.38,108.7,71.4,28.1,51.8,0.2,6.5
194-1195B-012H-4-0.8,108.7,56.5,21.2,60.07,-0.97,9.73
342-U1411B-013H-3-0.38,108.78,58.1,43.11,45.5,0.4,-1.3
342-U1411B-013H-3-0.38,108.78,58.1,43.11,45.5,0.4,-1.3
342-U1405A-012H-6-0.18,108.88,82.9,16.44,48.5,-0.6,1.2
194-1194A-012H-7-0.2,108.9,56.2,21.2,64.05,-0.65,10.48
342-U1406A-012H-6-0.27,108.97,68.6,20.3,56.0,-0.8,-1.2
342-U1409A-013H-3-0.38,109.02,62.8,4.01,88.4,4.7,0.7
342-U1408A-013H-1-0.38,109.18,63.3,22.57,55.6,-0.4,0.1
359-U1466A-013H-7-0.24,109.24,59.1,9.044,68.8,3.9,7.8
359-U1467B-013H-7-0.4,109.32,64.1,22.539,46.0,1.2,7.0
372-U1517C-019F-1-1.07,109.37,48.2,38.809,39.86,0.06,0.41
317-U1354C-008X-2-1.43,109.43,51.0,37.061,42.0,-1.3,3.4
317-U1354C-008X-2-1.48,109.48,47.7,37.061,42.0,-1.3,3.4
342-U1404A-013H-4-0.38,109.61,82.7,19.48,42.3,-1.0,1.6
359-U1468A-013H-3-0.88,109.81,58.5,14.464,55.2,3.0,7.8
342-U1404A-013H-4-0.6,109.83,83.3,19.77,34.6,-0.7,1.0
359-U1471A-013H-1-0.74,109.84,72.2,20.431,47.7,1.8,5.5
342-U1410A-012H-5-0.38,109.88,62.1,18.53,58.6,-1.0,-0.5
194-1194A-013H-1-0.8,110.0,59.6,22.2,61.58,-0.86,9.97
342-U1403A-012H-7-0.18,110.0,73.1,26.15,57.4,3.1,15.0
342-U1406A-012H-7-0.17,110.08,71.7,19.04,50.6,-0.7,3.9
342-U1405A-012H-7-0.14,110.1,82.7,16.39,47.1,0.2,2.1
317-U1354C-008X-3-0.7,110.2,49.6,38.345,43.8,-0.6,1.5
194-1195B-012H-5-0.8,110.2,67.8,17.8,59.16,-0.67,11.8
359-U1470A-013H-3-0.75,110.29,54.9,41.641,54.1,1.1,5.2
342-U1411B-013H-4-0.38,110.29,58.6,41.84,39.2,-0.3,1.4
342-U1409A-013H-4-0.38,110.52,62.8,3.53,86.8,9.4,3.0
342-U1403A-013H-1-0.38,110.68,75.2,23.86,59.9,3.0,8.3
342-U1408A-013H-2-0.38,110.68,64.5,25.34,51.3,-0.5,0.3
359-U1466A-014H-1-0.74,110.74,61.9,6.861,71.7,3.3,5.9
317-U1352B-012H-6-0.14,110.8,47.0,46.74,44.6,-1.0,1.2
372-U1517C-019F-2-1.27,110.84,50.1,37.744,39.29,1.2,-1.33
342-U1406A-013H-1-0.38,111.08,67.5,19.89,52.2,-0.8,-0.5
342-U1405A-013H-1-0.38,111.08,81.7,15.46,40.9,0.1,3.4
342-U1404A-013H-5-0.38,111.11,81.7,20.36,39.4,-0.3,1.1
342-U1404A-013H-5-0.6,111.33,83.2,18.95,47.0,-1.6,-0.5
342-U1410A-012H-6-0.38,111.38,63.2,13.17,75.4,0.9,-2.6
194-1194A-013H-2-0.8,111.5,54.1,17.6,62.79,-1.2,8.8
194-1195B-012H-6-0.8,111.7,56.5,17.2,61.48,-1.0,10.88
342-U1411B-013H-5-0.38,111.8,59.2,47.69,34.8,0.3,1.7
194-1198A-013H-2-0.8,111.8,57.3,38.0,54.31,-0.97,8.72
372-U1517C-019F-3-1.0,111.96,50.4,35.427,43.82,1.09,-0.01
372-U1517C-019F-3-1.0,111.96,50.4,35.427,43.82,1.09,-0.01
342-U1409A-013H-5-0.38,112.02,59.8,3.88,86.9,9.2,5.1
359-U1467B-014H-2-0.73,112.13,64.4,27.414,49.2,1.0,7.9
342-U1403A-013H-2-0.38,112.18,74.4,24.83,59.7,1.8,7.3
342-U1408A-013H-3-0.38,112.18,63.4,24.05,60.2,-0.2,-2.4
359-U1468A-013H-5-0.43,112.36,52.1,15.786,59.9,3.3,7.2
359-U1469A-013R-CC-0.01,112.41,45.5,5.158,45.2,3.6,-7.4
359-U1469A-013R-CC-0.01,112.41,45.5,5.158,45.2,3.6,-7.4
342-U1405A-013H-2-0.38,112.58,82.7,15.86,42.6,-0.2,1.4
342-U1406A-013H-2-0.38,112.58,70.0,22.1,57.1,-1.4,-1.0
194-1195B-012H-7-0.2,112.6,58.1,22.0,60.08,-0.89,10.04
342-U1410A-012H-7-0.17,112.67,61.0,24.11,55.6,-0.4,-0.4
317-U1353B-019H-2-0.7,112.73,40.9,52.615,43.4,-0.9,1.2
359-U1471A-013H-3-0.74,112.84,63.3,23.954,47.7,1.4,8.7
342-U1404A-013H-6-0.75,112.98,80.5,19.8,33.6,0.0,-1.1
194-1194A-013H-3-0.8,113.0,53.5,25.2,59.51,-0.7,10.91
317-U1353B-019H-2-1.1,113.13,41.0,31.612,31.3,0.5,-0.7
342-U1404A-013H-6-0.9,113.13,82.1,19.15,46.3,-0.6,-0.1
317-U1353B-019H-2-1.13,113.16,41.0,31.612,31.3,0.5,-0.7
342-U1410A-013H-1-0.24,113.24,63.0,18.02,58.7,-0.5,0.1
359-U1470A-013H-5-0.75,113.29,51.6,54.324,58.6,2.5,5.3
342-U1411B-013H-6-0.38,113.32,58.6,43.59,39.9,0.6,0.3
372-U1517C-020F-1-0.42,113.42,41.0,43.097,34.56,1.23,-2.56
342-U1409A-013H-6-0.38,113.52,59.5,3.55,89.3,9.5,2.8
342-U1403A-013H-3-0.38,113.65,73.9,,53.2,1.0,9.4
342-U1408A-013H-4-0.38,113.68,62.7,24.46,37.1,-0.9,11.1
194-1195B-013H-1-0.8,113.7,56.9,21.0,58.89,-0.58,11.03
359-U1466A-014H-3-0.71,113.71,51.9,11.491,69.7,2.6500000000000004,10.6
359-U1468A-014F-1-1.19,113.79,62.0,9.497,59.0,3.3,7.3
317-U1352B-013H-1-1.15,113.85,43.5,39.946,49.6,-0.2,-0.1
317-U1352B-013H-1-1.15,113.85,43.5,39.946,49.6,-0.2,-0.1
342-U1410A-013H-2-0.38,113.85,61.3,26.44,52.7,1.4,-0.1
317-U1351B-016X-1-1.0,113.9,47.5,52.433,45.8,-1.5,1.5
342-U1404A-013H-7-0.22,113.95,81.3,18.31,38.2,-0.6,1.6
317-U1352B-013H-1-1.29,113.99,47.1,47.056,45.3,-2.1,1.0
317-U1352B-013H-1-1.29,113.99,47.1,47.056,45.3,-2.1,1.0
342-U1405A-013H-3-0.38,114.08,79.2,15.51,49.6,-0.9,0.9
342-U1406A-013H-3-0.38,114.08,70.3,18.39,59.5,-2.0,1.4
342-U1406A-013H-3-0.38,114.08,70.3,18.39,59.5,-2.0,1.4
342-U1404A-013H-7-0.35,114.08,81.3,18.8,32.0,-1.4,5.5
194-1194A-013H-4-0.8,114.5,57.1,32.4,56.03,-0.58,11.31
317-U1351B-016X-2-0.17,114.57,43.8,39.571,40.5,-0.6,-0.4
342-U1409A-013H-7-0.14,114.58,58.9,3.38,88.0,10.3,3.9
342-U1411B-013H-7-0.15,114.59,59.8,40.77,38.0,-0.6,1.9
342-U1411B-013H-7-0.15,114.59,59.8,40.77,38.0,-0.6,1.9
372-U1517C-020F-2-1.13,114.72,39.4,43.832,38.85,1.29,-0.52
359-U1467B-014H-4-0.69,115.09,67.0,39.131,42.3,0.7,7.4
342-U1403A-013H-4-0.38,115.12,74.5,27.33,52.3,-2.3,5.3
342-U1408A-013H-5-0.38,115.18,64.0,24.88,55.9,0.6,-1.3
194-1195B-013H-2-0.8,115.2,59.4,20.0,58.98,-0.66,11.9
359-U1466A-014H-4-0.72,115.22,54.6,14.058,67.0,2.6,10.7
342-U1411B-014H-1-0.38,115.28,59.2,36.86,44.2,0.8,-1.3
342-U1410A-013H-3-0.38,115.35,59.5,29.07,48.4,0.5,1.6
342-U1409A-014H-1-0.38,115.48,61.0,3.92,86.1,8.7,5.2
342-U1404A-014H-1-0.38,115.58,80.2,17.97,46.4,-0.6,-2.0
342-U1405A-013H-4-0.38,115.58,81.0,15.46,44.2,-1.2,1.5
342-U1406A-013H-4-0.38,115.59,71.7,18.11,54.8,-2.0,1.0
359-U1471A-013H-5-0.74,115.84,68.5,26.771,45.4,1.7,9.1
194-1194A-013H-5-0.8,116.0,59.6,30.8,54.23,-0.38,10.15
317-U1352B-013H-3-0.38,116.06,47.5,52.476,42.4,-1.0,-0.8
359-U1468A-014F-3-0.52,116.12,57.0,14.076,55.8,3.7,9.3
372-U1517C-020F-3-1.35,116.28,46.2,41.08,41.71,1.37,-0.15
194-1198A-013H-5-0.8,116.3,68.4,31.4,57.18,-0.31,11.75
317-U1351B-016X-3-0.63,116.53,49.0,50.068,42.6,-1.5,0.2
342-U1403A-013H-5-0.38,116.59,75.0,22.31,55.1,-1.5,5.5
342-U1408A-013H-6-0.38,116.68,64.0,23.61,56.0,0.2,-0.7
194-1195B-013H-3-0.8,116.7,55.0,19.0,62.6,-0.68,11.91
359-U1466A-014H-5-0.74,116.74,56.7,12.304,63.5,2.8,10.2
194-1194A-013H-6-0.2,116.75,55.6,23.4,60.48,-0.62,9.66
342-U1411B-014H-2-0.38,116.78,59.3,40.11,41.4,-0.5,2.1
342-U1410A-013H-4-0.38,116.85,61.4,29.72,49.6,1.3,-0.3
359-U1470A-014H-1-0.75,116.85,50.3,55.368,50.2,2.1,4.7
342-U1409A-014H-2-0.38,116.98,58.2,4.26,89.3,9.7,3.3
342-U1405A-013H-5-0.38,117.08,80.1,15.68,47.8,-0.2,1.9
342-U1404A-014H-2-0.38,117.08,80.7,18.43,47.6,0.9,-0.2
342-U1406A-013H-5-0.38,117.09,72.5,17.02,57.4,-2.2,0.7
372-U1517C-020F-4-0.79,117.12,44.5,39.084,40.97,0.9,0.74
194-1194A-014X-1-0.08,117.48,8.5,23.4,62.47,-0.75,8.69
372-U1517C-020F-5-0.47,117.81,44.8,32.566,39.68,1.3,0.02
194-1194A-014X-1-0.48,117.88,30.5,43.2,62.47,-0.75,8.69
317-U1353B-020H-1-0.75,117.95,47.3,33.335,39.1,0.3,-0.8
342-U1408A-013H-7-0.19,117.99,64.1,23.04,53.8,-0.4,0.4
359-U1466A-014H-6-0.49,117.99,54.1,10.37,68.0,2.8,9.7
342-U1403A-013H-6-0.38,118.06,78.2,18.81,47.2,-2.8,7.4
359-U1467B-014H-6-0.74,118.14,62.0,22.484,51.3,1.1,4.6
194-1195B-013H-4-0.8,118.2,54.2,21.2,61.01,-0.81,11.78
359-U1468A-015F-1-0.9,118.2,52.4,10.939,52.6,3.3,7.9
317-U1353B-020H-1-1.02,118.22,42.2,50.788,44.9,-1.1,2.1
317-U1353B-020H-1-1.05,118.25,40.4,50.788,44.9,-1.1,2.1
342-U1411B-014H-3-0.38,118.28,59.9,39.27,44.7,0.9,-1.0
342-U1410A-013H-5-0.38,118.35,59.8,29.54,49.6,1.8,-2.6
342-U1406A-013H-6-0.18,118.39,72.3,17.1,60.1,-1.0,0.0
342-U1409A-014H-3-0.38,118.48,59.9,3.66,92.0,7.3,2.4
359-U1471A-013H-7-0.43,118.53,66.0,27.556,45.1,1.0,7.6
359-U1471A-013H-7-0.43,118.53,66.0,27.556,45.1,1.0,7.6
342-U1405A-013H-6-0.38,118.58,80.9,15.96,43.5,-1.4,2.4
342-U1404A-014H-3-0.38,118.58,80.6,18.46,38.0,0.2,-0.2
317-U1351B-016X-4-1.2,118.6,47.3,42.262,39.6,0.1,-1.4
317-U1351B-016X-4-1.2,118.6,47.3,42.262,39.6,0.1,-1.4
317-U1353B-020H-2-0.38,118.65,34.6,45.256,48.3,-0.8,0.7
342-U1408A-014H-1-0.38,118.68,64.6,23.04,58.0,1.1,-1.9
359-U1466A-014H-7-0.34,118.84,56.2,9.481,67.5,2.5,9.5
194-1194A-014X-2-0.2,118.86,46.6,26.8,45.57,1.77,9.95
194-1194A-014X-2-0.2,118.86,46.6,26.8,45.57,1.77,9.95
317-U1354C-009X-2-1.43,119.03,46.1,44.603,43.8,-1.5,2.2
317-U1354C-009X-2-1.43,119.03,46.1,44.603,43.8,-1.5,2.2
317-U1354C-009X-2-1.48,119.08,45.7,44.603,43.7,-1.1,2.5
317-U1352B-013H-5-0.46,119.14,40.8,55.42,48.2,-0.7,0.9
317-U1351B-016X-5-0.27,119.17,45.2,55.589,41.5,-1.1,-0.4
342-U1403A-013H-7-0.16,119.3,77.3,17.06,44.8,-2.3,9.9
359-U1471A-014H-1-0.74,119.34,65.0,23.221,45.7,1.4,8.6
342-U1406A-013H-7-0.18,119.4,74.4,15.97,60.2,-0.5,-0.7
372-U1517C-021F-2-1.24,119.52,46.7,40.328,37.73,0.51,0.5
194-1195B-013H-5-0.85,119.75,54.2,18.8,63.24,-0.8,11.06
359-U1470A-014H-3-0.67,119.77,53.0,50.374,53.7,2.7,4.9
342-U1411B-014H-4-0.38,119.78,59.3,40.6,39.2,2.0,-1.6
317-U1352B-013H-5-1.15,119.83,46.5,48.58,43.0,-0.7,-1.1
342-U1405A-013H-7-0.15,119.85,79.7,15.8,45.1,-1.6,2.2
342-U1410A-013H-6-0.38,119.85,59.6,28.73,59.1,1.3,-2.8
342-U1409A-014H-4-0.38,119.98,54.6,5.07,87.7,9.0,5.4
342-U1404A-014H-4-0.38,120.08,80.0,20.72,36.6,-0.2,-0.9
359-U1467B-015H-1-0.75,120.15,63.1,17.334,46.8,1.4,7.3
342-U1403A-014H-1-0.38,120.18,74.9,14.4,62.3,-0.4,1.6
342-U1408A-014H-2-0.38,120.18,65.0,20.82,62.1,-0.1,-0.2
317-U1353B-021H-2-0.0,120.21,45.1,44.991,39.7,-0.6,1.7
317-U1353B-021H-2-0.02,120.23,43.6,44.991,39.7,-0.6,1.7
359-U1466A-015H-1-0.74,120.24,53.3,7.424,68.1,2.9,10.7
359-U1468A-015F-3-0.51,120.35,45.4,20.216,59.5,3.4,7.9
342-U1405A-014H-1-0.38,120.58,80.7,14.74,41.5,-1.2,2.3
342-U1406A-014H-1-0.38,120.58,73.3,15.71,57.3,-1.3,-1.3
372-U1517C-021F-3-1.3,120.98,48.7,38.237,43.75,0.96,0.17
194-1195B-013H-6-0.85,121.25,58.7,20.6,58.15,-0.92,11.53
194-1198A-014H-2-0.8,121.3,62.3,33.6,56.53,-0.92,9.64
317-U1354C-009X-4-0.72,121.32,47.0,41.972,40.8,-0.7,1.1
342-U1410A-013H-7-0.38,121.35,59.7,28.74,50.9,1.0,-1.6
342-U1409A-014H-5-0.38,121.48,54.3,5.12,89.2,6.0,2.1
342-U1404A-014H-5-0.38,121.58,81.0,18.84,41.2,-2.0,1.5
342-U1408A-014H-3-0.38,121.68,65.7,25.2,52.0,0.7,-0.7
342-U1408A-014H-3-0.38,121.68,65.7,25.2,52.0,0.7,-0.7
342-U1403A-014H-2-0.38,121.7,75.2,13.44,57.5,-1.3,3.6
359-U1466A-015H-2-0.74,121.74,52.0,9.814,70.6,2.5,9.7
372-U1517C-021F-4-0.82,122.0,48.3,41.77,42.27,0.63,-1.65
342-U1406A-014H-2-0.38,122.08,73.9,16.95,56.4,-1.6,0.8
342-U1405A-014H-2-0.38,122.08,80.5,16.19,44.2,-0.5,4.2
194-1195B-013H-7-0.2,122.1,59.7,20.4,61.98,-0.76,12.19
194-1195B-013H-7-0.2,122.1,59.7,20.4,61.98,-0.76,12.19
359-U1469A-014R-CC-0.01,122.11,51.5,2.337,36.1,7.5,-5.4
342-U1407A-016X-1-0.34,122.24,57.8,13.04,64.6,7.6,19.2
359-U1471A-014H-3-0.74,122.34,62.2,23.591,45.0,1.6,7.6
372-U1517C-022F-1-0.32,122.72,51.0,39.735,45.83,1.01,-1.28
359-U1470A-014H-5-0.74,122.84,50.1,42.334,60.5,2.7,5.6
342-U1410A-014H-1-0.38,122.88,64.1,24.37,53.4,-1.9,0.5
342-U1410A-014H-1-0.38,122.88,64.1,24.37,53.4,-1.9,0.5
317-U1352B-014H-1-0.72,122.92,50.2,48.772,51.0,-1.1,0.2
342-U1404A-014H-6-0.22,122.92,80.0,20.68,37.5,0.1,0.7
342-U1409A-014H-6-0.38,122.98,53.3,5.48,86.6,6.4,3.8
359-U1467B-015H-3-0.75,123.15,57.7,29.908,50.8,1.2,7.3
342-U1403A-014H-3-0.38,123.17,78.0,15.01,60.2,-1.8,4.8
342-U1408A-014H-4-0.38,123.18,63.5,25.0,,-0.4,-0.3
194-1195B-014H-1-0.8,123.2,63.4,21.2,58.85,-0.89,11.54
359-U1466A-015H-3-0.74,123.24,50.3,12.151,65.3,2.3,8.9
359-U1468A-016F-1-1.27,123.27,52.3,14.872,56.7,4.0,7.7
342-U1406A-014H-3-0.38,123.58,71.4,19.7,51.2,-1.0,0.8
342-U1405A-014H-3-0.38,123.59,81.5,15.47,42.9,-1.5,1.4
342-U1404A-014H-7-0.22,123.92,81.9,17.97,46.0,-0.7,-0.6
342-U1404A-014H-7-0.22,123.92,81.9,17.97,46.0,-0.7,-0.6
342-U1407A-016X-2-0.57,123.97,61.3,2.98,66.3,17.4,-14.8
372-U1517C-022F-2-0.84,124.16,48.5,38.128,45.73,1.55,0.56
342-U1409A-014H-7-0.14,124.24,54.2,4.38,89.4,8.7,6.3
342-U1409A-014H-7-0.14,124.24,54.2,4.38,89.4,8.7,6.3
342-U1410A-014H-2-0.38,124.38,62.3,25.83,49.4,-0.4,-0.2
342-U1403A-014H-4-0.38,124.64,80.8,16.68,61.2,-3.1,2.7
342-U1408A-014H-5-0.38,124.68,62.7,24.28,51.8,0.2,1.8
194-1195B-014H-2-0.8,124.7,68.1,21.8,61.43,-0.74,12.61
359-U1466A-015H-4-0.74,124.74,50.7,13.841,60.8,2.2,10.7
342-U1411B-015H-1-0.38,124.78,60.5,33.99,48.0,-0.2,-1.1
342-U1406A-014H-4-0.27,124.97,72.7,19.37,52.5,-1.7,1.3
342-U1409A-015H-1-0.38,124.98,57.7,5.66,73.6,6.6,10.1
359-U1470A-014H-7-0.4,125.0,47.9,47.733,56.0,2.2,5.0
342-U1404A-015H-1-0.38,125.08,80.2,19.06,41.4,0.2,0.7
342-U1405A-014H-4-0.38,125.09,82.2,16.55,38.2,-1.4,3.1
359-U1471A-014H-5-0.74,125.34,68.8,26.654,42.9,1.2,8.5
359-U1468A-016F-3-0.35,125.35,50.4,16.101,63.6,2.7,7.7
372-U1517C-022F-3-1.27,125.64,49.0,40.503,46.0,0.89,0.16
194-1198A-014H-5-0.8,125.8,59.4,33.8,58.32,-0.84,10.19
342-U1410A-014H-3-0.38,125.88,62.8,26.7,50.8,-1.7,1.0
317-U1352B-014H-3-0.72,125.92,46.3,51.052,44.0,-0.4,-0.4
342-U1406A-014H-5-0.14,125.95,72.8,17.73,55.7,-1.8,0.9
342-U1403A-014H-5-0.38,126.1,82.8,13.76,62.1,-4.0,3.6
359-U1467B-015H-5-0.78,126.18,63.1,24.124,49.7,0.9,7.1
342-U1408A-014H-6-0.38,126.18,62.4,23.88,54.8,-0.6,1.5
342-U1411B-015H-2-0.38,126.2,60.2,30.76,52.5,0.8,-1.7
194-1195B-014H-3-0.8,126.2,63.1,22.2,62.63,-0.7,12.23
359-U1466A-015H-5-0.74,126.24,55.5,14.378,66.5,1.8,11.2
359-U1470A-015H-1-0.79,126.39,47.6,52.001,54.6,2.5,4.1
342-U1406A-014H-6-0.1,126.49,72.6,17.12,56.8,-2.4,2.0
342-U1406A-014H-6-0.1,126.49,72.6,17.12,56.8,-2.4,2.0
342-U1404A-015H-2-0.38,126.54,80.4,18.92,43.7,0.7,-0.2
342-U1405A-014H-5-0.38,126.59,80.2,16.69,42.6,-1.6,1.6
342-U1407A-017X-1-0.49,126.79,63.4,2.54,67.7,17.8,-14.0
317-U1354C-010X-1-1.2,126.8,44.0,50.549,49.4,-0.7,0.2
372-U1517C-022F-4-1.21,126.99,48.9,43.372,40.85,0.6,1.49
342-U1409A-017X-1-0.3,127.3,58.4,3.7,85.9,8.9,5.5
342-U1410A-014H-4-0.38,127.38,61.3,28.08,52.9,-0.6,-1.6
372-U1517C-023F-1-0.32,127.42,53.0,39.701,39.5,0.8,1.2
342-U1408A-014H-7-0.14,127.44,63.5,23.62,55.4,0.5,-1.1
359-U1466A-015H-6-0.5,127.5,50.1,14.163,67.3,2.2,12.5
342-U1403A-014H-6-0.38,127.56,84.2,12.13,64.0,2.2,4.9
342-U1406A-014H-7-0.27,127.61,72.3,19.36,55.2,-1.9,0.7
342-U1411B-015H-3-0.38,127.68,61.7,34.29,43.5,0.0,0.0
194-1195B-014H-4-0.8,127.7,63.7,20.8,,-0.43,12.41
359-U1471A-014H-7-0.34,127.93,69.5,32.684,38.4,1.2,6.2
359-U1471A-014H-7-0.34,127.93,69.5,32.684,38.4,1.2,6.2
359-U1468A-017F-2-0.45,127.94,51.3,10.523,58.6,3.6,9.0
342-U1404A-015H-3-0.38,128.01,79.3,21.17,41.1,0.8,-0.3
359-U1467B-015H-7-0.25,128.09,64.0,19.911,53.3,1.1,4.4
342-U1405A-014H-6-0.38,128.11,80.7,17.41,41.8,-0.4,2.6
342-U1408A-015H-1-0.38,128.18,63.1,24.61,52.9,1.9,-0.6
359-U1466A-015H-7-0.37,128.38,52.8,13.541,64.1,1.8,11.0
372-U1517C-023F-2-0.5,128.48,47.7,35.91,41.07,0.62,-0.05
317-U1354C-010X-2-1.46,128.56,44.1,50.312,44.6,-2.0,3.5
317-U1354C-010X-2-1.48,128.58,42.7,50.312,44.6,-2.0,3.5
342-U1403A-014H-7-0.2,128.84,82.5,10.73,62.5,0.8,11.5
359-U1471A-015H-1-0.75,128.85,64.2,21.683,44.1,1.1,8.2
342-U1409A-017X-2-0.38,128.88,52.9,6.52,91.3,7.1,5.0
342-U1410A-014H-5-0.38,128.88,61.1,26.94,56.9,0.8,-1.7
342-U1411B-015H-4-0.37,129.13,62.6,34.02,48.0,1.0,-0.9
194-1195B-014H-5-0.8,129.2,65.3,18.4,60.49,-0.29,13.54
359-U1470A-015H-3-0.69,129.29,53.4,48.031,46.9,1.7,1.7
372-U1517C-023F-3-0.64,129.36,46.3,38.612,40.23,0.47,1.41
342-U1405A-014H-7-0.15,129.38,80.9,17.23,21.2,-7.7,13.0
342-U1405A-014H-7-0.15,129.38,80.9,17.23,21.2,-7.7,13.0
342-U1404A-015H-4-0.38,129.47,78.5,20.47,41.2,-1.3,2.9
359-U1468A-018F-1-0.8,129.5,43.4,22.287,51.7,3.5,5.0
359-U1467B-016H-1-0.64,129.54,66.0,21.478,48.8,1.1,2.8
317-U1352B-014H-5-1.39,129.59,52.5,42.922,50.4,-1.1,3.0
342-U1403A-015H-1-0.38,129.68,82.1,13.3,65.3,3.8,10.3
342-U1408A-015H-2-0.38,129.68,63.4,23.32,54.7,1.3,0.3
359-U1466A-016H-1-0.74,129.74,49.9,12.361,49.5,2.1,5.3
194-1194B-004R-1-0.46,129.76,50.9,79.6,48.18,-1.1,6.15
317-U1352B-014H-6-0.09,129.79,48.8,44.268,37.0,0.3,-2.1
342-U1405A-015H-1-0.38,130.08,81.5,14.81,45.6,-0.8,0.9
342-U1406A-015H-1-0.38,130.08,72.2,23.32,56.0,-0.8,0.3
372-U1517C-023F-4-0.68,130.21,46.2,40.849,40.67,0.52,-0.96
342-U1409A-017X-3-0.3,130.3,54.4,5.25,87.6,7.5,3.6
342-U1410A-014H-6-0.38,130.38,62.1,26.28,57.5,0.9,0.0
194-1195B-014H-6-0.8,130.7,68.4,20.2,56.65,-0.61,13.0
194-1198A-015H-2-0.8,130.8,56.3,25.4,57.92,-0.88,10.66
317-U1354C-010X-4-0.7,130.8,45.1,51.762,42.1,-1.2,2.1
317-U1354C-010X-4-0.7,130.8,45.1,51.762,42.1,-1.2,2.1
194-1198A-015H-2-0.8,130.8,56.3,25.4,57.92,-0.88,10.66
342-U1404A-015H-5-0.38,130.93,80.1,19.94,44.1,0.1,-0.6
342-U1404A-015H-5-0.38,130.93,80.1,19.94,44.1,0.1,-0.6
372-U1517C-023F-5-0.67,131.03,44.4,39.547,42.83,1.04,-1.71
372-U1517C-023F-5-0.67,131.03,44.4,39.547,42.83,1.04,-1.71
342-U1408A-015H-3-0.38,131.18,62.7,26.26,46.3,-1.2,1.4
342-U1403A-015H-2-0.38,131.18,83.8,12.43,43.8,15.0,29.7
359-U1466A-016H-2-0.74,131.24,49.7,13.934,62.1,2.6,7.6
342-U1410A-014H-7-0.16,131.38,61.2,22.91,56.7,-0.1,0.3
342-U1406A-015H-2-0.38,131.58,73.2,21.79,48.0,-2.5,-0.7
342-U1405A-015H-2-0.38,131.58,82.0,15.67,46.2,0.0,-0.6
359-U1468A-019F-1-0.62,131.82,44.8,19.051,58.5,4.0,8.7
359-U1471A-015H-3-0.75,131.85,64.8,34.544,47.8,1.2,8.4
342-U1409A-018X-1-0.27,131.87,55.4,5.12,74.9,5.6,-0.8
317-U1353B-023H-2-0.26,131.96,40.5,46.572,43.5,-0.5,1.0
317-U1351B-018X-1-0.26,132.26,48.7,45.653,43.0,-0.9,-0.7
359-U1470A-015H-5-0.69,132.29,52.5,86.038,52.3,3.1,4.4
342-U1404A-015H-6-0.38,132.4,80.2,20.57,43.5,-1.4,0.9
359-U1467B-016H-3-0.71,132.61,61.2,17.934,52.9,1.5,3.2
372-U1517C-024F-1-0.84,132.64,49.2,37.114,39.99,0.32,1.18
342-U1403A-015H-3-0.38,132.68,81.7,12.97,44.8,19.9,41.6
342-U1408A-015H-4-0.38,132.68,65.7,27.51,53.3,1.0,-1.1
194-1195B-015H-1-0.8,132.7,72.9,24.4,58.04,-0.31,12.05
194-1195B-015H-1-0.8,132.7,72.9,24.4,58.04,-0.31,12.05
359-U1466A-016H-3-0.74,132.74,48.3,12.121,62.5,2.9,5.6
317-U1352B-015H-1-1.19,132.89,46.6,56.31,49.5,-0.2,-1.6
342-U1405A-015H-3-0.38,133.08,82.3,17.34,41.2,-0.6,-0.3
342-U1406A-015H-3-0.38,133.09,71.9,18.27,60.1,-0.6,-0.7
342-U1409A-018X-2-0.12,133.22,54.2,4.04,77.7,6.2,6.2
342-U1410A-015H-1-1.39,133.39,63.8,19.35,65.6,-0.4,-0.5
372-U1517C-024F-2-0.52,133.44,47.9,39.396,44.81,0.89,1.08
342-U1404A-015H-7-0.2,133.73,79.0,21.21,43.7,-0.6,0.2
317-U1351B-018X-2-0.26,133.76,48.8,40.026,41.4,-0.8,0.5
342-U1410A-015H-2-0.38,133.86,62.2,24.34,52.1,1.2,-0.4
342-U1411B-016H-1-0.38,133.98,60.0,21.96,45.8,-0.1,0.9
317-U1352B-015H-2-0.97,134.17,43.3,53.048,38.5,1.8,-3.7
342-U1403A-015H-4-0.38,134.18,85.0,10.33,48.0,16.7,33.5
342-U1408A-015H-5-0.38,134.18,62.1,27.29,51.7,0.1,2.5
194-1195B-015H-2-0.8,134.2,64.4,19.6,59.33,-0.58,13.58
359-U1466A-016H-4-0.74,134.24,51.0,11.454,49.0,2.1,1.8
372-U1517C-024F-3-0.79,134.36,46.5,39.537,38.52,0.39,1.19
317-U1353B-023H-3-1.36,134.56,46.6,58.1,49.9,-1.9,2.6
359-U1468A-019F-3-0.37,134.57,52.0,9.544,64.4,4.1,7.8
342-U1404A-016H-1-0.38,134.58,80.2,21.46,39.7,-1.0,2.0
342-U1405A-015H-4-0.38,134.58,79.1,16.19,45.2,-0.3,0.6
342-U1405A-015H-4-0.38,134.58,79.1,16.19,45.2,-0.3,0.6
317-U1353B-023H-3-1.38,134.58,42.1,58.1,49.9,-1.9,2.6
342-U1406A-015H-4-0.38,134.61,70.8,19.38,58.0,-0.7,-1.0
359-U1471A-015H-5-0.68,134.78,65.9,35.334,47.6,1.6,7.6
342-U1409A-018X-3-0.58,135.18,52.3,6.13,78.7,7.3,9.8
342-U1409A-018X-3-0.58,135.18,52.3,6.13,78.7,7.3,9.8
372-U1517C-024F-4-0.72,135.19,43.1,32.603,37.14,0.62,2.38
194-1198A-015H-5-0.8,135.3,66.6,27.0,60.26,-0.51,9.66
342-U1410A-015H-3-0.38,135.36,61.3,25.62,56.6,-0.1,0.0
317-U1353B-023H-4-0.7,135.4,43.6,56.158,41.7,-1.2,1.9
342-U1411B-016H-2-0.38,135.48,61.4,30.25,54.4,-0.2,-0.7
342-U1408A-015H-6-0.38,135.68,62.5,26.02,59.7,1.4,-2.8
342-U1403A-015H-5-0.38,135.68,80.0,11.53,49.9,18.6,31.9
194-1195B-015H-3-0.8,135.7,59.6,19.6,59.85,-0.86,7.27
194-1195B-015H-3-0.8,135.7,59.6,19.6,59.85,-0.86,7.27
359-U1466A-016H-5-0.74,135.74,50.9,12.521,60.4,2.3,8.3
317-U1352B-015H-3-1.19,135.82,45.4,54.8,53.2,-0.3,-1.4
359-U1470A-016H-1-0.75,135.85,59.3,51.681,52.0,3.3,3.3
342-U1405A-015H-5-0.38,136.08,79.5,15.07,44.5,0.2,2.0
342-U1404A-016H-2-0.38,136.08,78.9,21.75,41.2,-0.6,1.8
342-U1406A-015H-5-0.38,136.14,71.5,21.87,54.9,-0.6,-0.9
342-U1407A-018X-1-0.3,136.2,68.3,3.26,73.2,10.0,3.2
372-U1517C-024F-5-0.72,136.32,43.9,42.393,39.96,0.98,-1.23
317-U1353B-024H-2-0.5,136.36,46.1,55.62,49.4,-1.4,2.3
317-U1353B-024H-2-0.5,136.36,46.1,55.62,49.4,-1.4,2.3
372-U1517C-025F-1-0.03,136.53,46.4,37.022,23.5,1.16,-5.14
342-U1409A-018X-4-0.53,136.63,51.4,7.28,81.8,6.3,9.0
359-U1468A-020F-1-0.81,136.71,51.1,13.183,53.0,2.3,5.8
342-U1410A-015H-4-0.38,136.86,61.3,25.6,51.7,0.7,-0.2
342-U1408A-015H-7-0.1,136.9,63.2,24.33,52.1,0.2,0.0
342-U1411B-016H-3-0.38,136.98,60.9,28.73,48.3,0.5,0.5
359-U1466A-016H-6-0.59,137.09,50.1,12.84,62.9,2.8,5.2
359-U1467B-016H-6-0.73,137.13,61.8,23.791,50.1,1.4,6.3
342-U1403A-015H-6-0.38,137.18,84.5,10.1,46.7,20.2,32.5
194-1195B-015H-4-0.8,137.2,63.0,21.2,62.21,-0.62,10.47
317-U1353B-024H-3-0.0,137.36,42.0,37.845,39.3,-0.6,1.6
317-U1353B-024H-3-0.03,137.39,42.7,37.845,39.3,-0.6,1.6
342-U1408A-016H-1-0.14,137.44,67.4,26.23,49.5,0.7,0.3
342-U1405A-015H-6-0.38,137.58,81.1,16.05,42.9,-1.5,3.4
342-U1404A-016H-3-0.38,137.58,80.2,20.13,43.2,-0.1,1.2
342-U1406A-015H-6-0.35,137.62,71.0,19.87,53.9,-0.8,1.2
342-U1409A-018X-5-0.16,137.76,51.3,6.62,73.9,5.8,7.3
342-U1409A-018X-5-0.16,137.76,51.3,6.62,73.9,5.8,7.3
342-U1407A-018X-2-0.39,137.79,66.0,3.69,62.7,9.3,4.0
342-U1408A-016H-2-0.38,137.89,62.4,23.32,58.8,0.4,0.0
359-U1468A-020F-3-0.16,137.97,50.3,17.281,57.8,2.4,7.2
359-U1466A-016H-7-0.34,138.04,50.6,12.441,63.6,2.8,5.4
317-U1354C-011X-2-1.44,138.04,46.6,48.009,39.9,-0.6,0.9
317-U1354C-011X-2-1.48,138.08,44.9,48.009,45.7,-1.9,3.1
372-U1517C-025F-2-0.67,138.12,40.6,43.1,41.86,1.08,0.52
359-U1471A-016H-1-0.74,138.34,68.6,21.261,48.0,1.6,6.7
342-U1410A-015H-5-0.38,138.36,61.0,25.39,54.3,1.2,-0.4
342-U1411B-016H-4-0.38,138.48,61.5,27.89,57.0,-0.1,-0.6
372-U1517C-025F-3-0.26,138.51,43.0,40.866,42.01,1.38,-0.03
194-1195B-015H-5-0.8,138.7,59.3,18.2,60.61,-0.71,9.34
317-U1352B-015H-5-1.29,138.79,43.3,52.972,45.6,-0.9,-1.5
359-U1470A-016H-3-0.7,138.8,57.7,64.224,61.9,3.3,2.2
342-U1405A-015H-7-0.13,138.84,79.8,15.24,44.7,-1.0,4.1
342-U1406A-015H-7-0.14,138.91,67.5,20.73,53.9,-0.3,0.4
342-U1404A-016H-4-0.38,139.08,78.6,20.41,36.4,-0.2,4.4
359-U1466A-018X-1-0.33,139.13,52.3,15.067,58.6,3.0,7.6
359-U1467B-017H-1-0.73,139.13,58.6,17.118,46.9,1.8,1.1
342-U1403A-016H-1-0.38,139.18,77.8,12.01,57.1,15.6,25.3
194-1194B-005R-1-0.48,139.28,46.3,22.6,47.08,-0.75,6.1
194-1194B-005R-1-0.48,139.28,46.3,22.6,47.08,-0.75,6.1
342-U1408A-016H-3-0.38,139.38,62.9,20.45,66.9,0.6,0.1
342-U1407A-018X-3-0.54,139.44,69.9,3.71,65.0,8.7,3.1
342-U1406A-016H-1-0.38,139.58,69.8,19.86,52.7,-2.1,0.6
342-U1405A-016H-1-0.38,139.58,81.7,15.41,39.7,-1.0,4.3
342-U1410A-015H-6-0.2,139.68,61.3,22.91,57.0,-0.5,0.5
372-U1517C-025F-4-1.04,139.78,42.5,40.596,33.83,1.57,-3.4
342-U1411B-016H-5-0.38,139.98,62.6,21.7,53.1,0.0,0.3
194-1195B-015H-6-0.8,140.2,57.0,18.8,63.14,-0.46,9.17
317-U1352B-015H-6-1.29,140.29,46.3,51.982,43.8,0.4,-2.2
194-1198A-016H-2-0.8,140.3,55.6,23.0,55.15,-0.67,9.55
317-U1354C-011X-4-0.71,140.31,46.1,59.968,48.6,-1.0,1.2
342-U1404A-016H-5-0.38,140.58,79.4,21.15,50.0,0.3,-1.0
342-U1404A-016H-5-0.38,140.58,79.4,21.15,50.0,0.3,-1.0
342-U1403A-016H-2-0.38,140.63,75.4,14.48,52.7,13.7,24.6
342-U1410A-015H-7-0.15,140.64,63.2,24.6,53.9,-0.3,0.7
342-U1407A-018X-4-0.28,140.68,64.5,3.67,58.7,9.4,0.3
342-U1408A-016H-4-0.38,140.88,67.1,23.65,,0.1,1.2
342-U1406A-016H-2-0.38,141.08,69.2,21.42,45.8,-0.1,2.3
342-U1406A-016H-2-0.38,141.08,69.2,21.42,45.8,-0.1,2.3
342-U1405A-016H-2-0.38,141.08,80.1,15.78,43.2,-1.4,4.2
194-1195B-015H-7-0.2,141.1,57.5,18.8,64.27,-0.77,9.32
359-U1471A-016H-3-0.79,141.39,61.2,24.778,50.5,1.5,7.4
359-U1469A-016R-CC-0.01,141.61,42.4,2.901,61.6,4.4,5.7
359-U1470A-016H-5-0.76,141.83,54.4,54.304,57.8,3.5,5.1
342-U1410A-016H-1-0.38,141.88,62.3,25.95,62.1,-0.5,-1.0
342-U1404A-016H-6-0.3,142.0,79.5,20.45,35.4,-1.4,0.8
342-U1403A-016H-3-0.38,142.08,68.8,11.26,68.8,15.5,20.8
359-U1467B-017H-3-0.73,142.13,56.4,29.631,32.7,3.0,-6.2
342-U1407A-018X-5-0.25,142.15,67.8,3.55,82.8,20.8,-11.3
194-1195B-016H-1-0.8,142.2,59.5,17.6,66.16,-0.62,10.08
372-U1517C-026F-1-1.02,142.22,42.1,38.565,38.73,0.62,1.99
317-U1353B-025H-2-0.52,142.22,42.0,47.137,41.8,-1.2,2.7
342-U1408A-016H-5-0.38,142.38,66.0,24.88,45.5,1.1,1.1
342-U1406A-016H-3-0.38,142.58,66.9,21.45,60.1,0.2,-1.6
342-U1405A-016H-3-0.38,142.6,80.3,16.1,43.1,-1.5,0.9
317-U1353B-025H-2-0.91,142.61,40.8,42.92,36.5,-1.4,4.1
317-U1353B-025H-2-0.93,142.63,41.2,42.92,36.5,-1.4,4.1
317-U1353B-025H-CC-0.02,142.67,40.7,42.92,36.5,-1.4,4.1
359-U1468A-021F-2-1.14,142.88,53.6,14.104,50.9,3.2,7.1
342-U1404A-016H-7-0.2,143.1,79.2,20.29,43.1,0.6,-1.2
372-U1517C-026F-2-0.82,143.2,44.8,43.358,39.96,1.01,0.5
342-U1410A-016H-2-0.38,143.38,59.3,26.01,58.2,-0.2,-0.7
342-U1411B-017H-1-0.4,143.5,60.5,23.49,58.6,0.3,-0.8
342-U1403A-016H-4-0.38,143.53,67.4,10.56,71.5,14.9,16.1
342-U1403A-016H-4-0.38,143.53,67.4,10.56,71.5,14.9,16.1
359-U1468A-021F-3-0.5,143.65,45.0,17.063,55.9,3.4,5.7
194-1195B-016H-2-0.8,143.7,65.8,19.4,57.81,-0.71,10.19
317-U1351B-019X-2-0.7,143.8,40.2,33.992,45.9,-0.8,0.1
317-U1352B-016H-2-1.12,143.82,46.3,46.9,37.0,0.7,-2.1
342-U1408A-016H-6-0.38,143.88,64.8,23.31,51.7,1.2,0.7
372-U1517C-026F-3-0.53,144.05,39.1,43.848,39.96,1.04,-0.94
342-U1406A-016H-4-0.38,144.08,66.3,22.79,60.8,-1.2,-0.5
359-U1470A-016H-7-0.4,144.08,51.8,47.35,62.2,3.3,3.3
342-U1404A-017H-1-0.38,144.08,78.4,23.27,44.8,0.3,0.8
342-U1405A-016H-4-0.38,144.12,78.9,18.93,42.6,-0.2,2.4
359-U1471A-016H-5-0.67,144.27,62.1,30.481,49.0,1.3,7.5
359-U1471A-016H-5-0.67,144.27,62.1,30.481,49.0,1.3,7.5
317-U1353B-026H-2-0.73,144.63,42.3,65.585,44.4,-1.3,1.7
317-U1353B-026H-2-0.73,144.63,42.3,65.585,44.4,-1.3,1.7
194-1198A-016H-5-0.8,144.8,56.5,31.0,55.3,-0.83,9.99
194-1198A-016H-5-0.8,144.8,56.5,31.0,55.3,-0.83,9.99
342-U1410A-016H-3-0.38,144.88,58.4,25.96,55.2,-0.5,0.0
342-U1403A-016H-5-0.38,144.98,70.0,13.07,66.7,13.6,16.6
342-U1411B-017H-2-0.4,145.0,57.4,30.94,50.9,0.5,-2.2
359-U1467B-017H-5-0.73,145.13,58.5,22.861,46.9,0.9,6.9
194-1195B-016H-3-0.8,145.2,62.6,16.8,60.02,-0.61,10.85
317-U1352B-016H-3-1.12,145.29,41.7,39.493,32.7,2.1,-4.1
317-U1351B-019X-3-0.7,145.3,48.9,55.172,48.4,-1.3,-0.1
359-U1470A-017H-1-0.74,145.34,58.6,48.541,50.1,3.3,3.4
342-U1408A-016H-7-0.38,145.38,63.8,21.51,54.3,-1.7,2.3
342-U1406A-016H-5-0.38,145.58,64.8,22.64,58.9,-0.5,0.9
342-U1404A-017H-2-0.38,145.59,79.1,22.29,50.3,-0.2,-0.8
342-U1405A-016H-5-0.38,145.64,78.6,19.08,43.8,0.1,1.0
359-U1468A-022F-1-0.81,146.11,48.8,16.864,54.1,2.4,8.1
359-U1468A-022F-1-0.81,146.11,48.8,16.864,54.1,2.4,8.1
342-U1407A-019X-1-0.74,146.24,67.1,3.07,86.4,10.5,-1.4
342-U1407A-019X-1-0.74,146.24,67.1,3.07,86.4,10.5,-1.4
372-U1517C-027F-1-0.41,146.31,48.0,32.785,39.05,1.09,1.14
359-U1466A-019F-1-0.75,146.35,56.6,14.971,48.5,2.3,4.5
359-U1466A-019F-1-0.75,146.35,56.6,14.971,48.5,2.3,4.5
342-U1410A-016H-4-0.38,146.38,62.6,27.4,48.9,0.0,0.4
342-U1403A-016H-6-0.38,146.43,69.0,12.58,63.8,16.6,23.8
342-U1411B-017H-3-0.4,146.5,56.4,32.24,53.3,0.0,-0.9
317-U1351B-019X-4-0.42,146.52,48.4,61.747,45.1,-0.8,-0.7
317-U1351B-019X-4-0.42,146.52,48.4,61.747,45.1,-0.8,-0.7
317-U1352B-016H-4-0.88,146.55,42.7,56.488,46.6,0.2,-2.2
317-U1352B-016H-4-0.88,146.55,42.7,56.488,46.6,0.2,-2.2
359-U1471A-016H-7-0.33,146.69,61.8,27.391,47.0,1.1,7.2
194-1195B-016H-4-0.8,146.7,64.3,24.6,57.98,-0.49,10.07
372-U1517C-027F-2-0.33,146.91,46.5,41.205,39.59,1.04,1.01
342-U1406A-016H-6-0.24,146.94,65.6,21.01,60.5,0.3,-0.7
342-U1406A-016H-6-0.24,146.94,65.6,21.01,60.5,0.3,-0.7
342-U1404A-017H-3-0.38,147.04,78.1,21.93,42.3,-0.3,0.3
342-U1404A-017H-3-0.38,147.04,78.1,21.93,42.3,-0.3,0.3
342-U1405A-016H-6-0.38,147.15,78.8,17.75,42.6,-0.2,3.9
342-U1408A-017H-1-0.38,147.18,64.4,15.91,67.0,0.3,-1.6
342-U1407A-019X-2-0.29,147.29,62.3,4.45,87.2,15.7,-12.8
372-U1517C-027F-3-0.45,147.62,42.7,38.916,38.42,0.81,1.14
317-U1354C-012X-2-1.46,147.66,46.9,55.898,45.6,-0.7,-0.6
317-U1354C-012X-2-1.48,147.68,47.5,55.898,45.6,-0.7,-0.6
317-U1353B-027H-1-0.35,147.75,37.5,42.739,46.2,-0.7,0.9
342-U1410A-016H-5-0.3,147.8,62.2,25.92,45.9,0.5,2.5
359-U1466A-019F-2-0.71,147.81,58.8,15.031,59.6,2.9,9.5
359-U1470A-017H-3-0.23,147.83,40.4,62.131,38.6,2.6,-0.1
359-U1471A-017H-1-0.75,147.85,63.8,30.294,50.1,1.8,6.6
342-U1411B-017H-4-0.4,148.0,56.6,37.24,49.3,-0.4,-3.0
194-1195B-016H-5-0.8,148.2,63.6,21.8,58.36,-0.23,11.45
372-U1517C-027F-4-0.51,148.27,41.1,41.445,39.38,1.77,0.54
359-U1470A-018X-1-0.01,148.41,42.1,39.999,31.1,3.0,-4.4
342-U1405A-016H-7-0.15,148.42,78.9,16.11,50.9,0.5,-0.9
342-U1403A-018X-1-0.42,148.42,61.0,14.66,47.8,8.8,20.8
342-U1406A-017H-1-0.38,148.48,66.5,23.65,59.4,-0.7,-1.3
342-U1404A-017H-4-0.38,148.5,78.1,22.66,46.3,-1.2,1.0
342-U1407A-019X-3-0.23,148.54,64.1,4.0,60.1,17.3,-19.8
359-U1468A-022F-3-0.32,148.62,42.9,13.221,60.2,2.8,10.0
342-U1408A-017H-2-0.38,148.68,63.1,17.41,58.4,-1.0,2.2
359-U1467B-018H-1-0.83,148.73,61.8,24.427,50.1,1.4,6.4
194-1194B-006R-1-0.43,148.83,50.5,23.0,54.29,-0.03,8.9
342-U1405A-017H-1-0.38,149.08,78.4,14.46,44.4,0.2,5.2
359-U1466A-019F-3-0.67,149.27,54.5,13.814,54.8,2.8,6.8
342-U1410A-016H-6-0.3,149.3,61.5,27.75,56.3,0.2,-0.8
372-U1517C-027F-5-1.02,149.43,43.3,39.575,39.4,1.03,-0.39
342-U1411B-017H-5-0.38,149.48,55.7,34.43,48.5,0.5,0.7
194-1194B-006R-2-0.04,149.69,53.8,24.6,56.4,-0.49,8.5
194-1195B-016H-6-0.8,149.7,62.1,27.0,62.84,-0.46,10.38
317-U1352B-016H-6-1.12,149.79,50.9,40.353,45.7,-1.1,1.0
194-1194B-006R-2-0.14,149.79,58.2,24.6,55.72,-0.48,8.97
194-1198A-017H-2-0.8,149.8,60.4,31.8,57.05,-1.1,10.64
342-U1409C-020X-1-0.56,149.86,51.2,8.56,78.5,7.0,11.7
317-U1354C-012X-4-0.71,149.91,48.9,62.308,42.4,-0.4,-2.1
342-U1404A-017H-5-0.38,149.96,79.5,20.71,48.5,-1.2,0.5
342-U1406A-017H-2-0.38,149.98,64.2,26.21,58.4,0.3,-1.9
342-U1408A-017H-3-0.38,150.18,65.9,20.09,54.0,-0.8,1.4
372-U1517C-028F-1-0.24,150.34,51.5,45.138,43.5,0.57,1.93
342-U1410A-016H-7-0.14,150.5,61.7,28.37,49.5,0.2,-0.7
342-U1405A-017H-2-0.38,150.58,77.2,17.61,44.4,0.2,2.9
359-U1468A-023F-1-0.72,150.72,54.0,7.908,44.6,2.1,2.7
342-U1411B-017H-6-0.12,150.72,52.9,42.58,40.6,-0.7,5.1
359-U1471A-017H-3-0.68,150.78,58.9,26.011,47.7,1.1,9.7
359-U1466A-020F-1-0.74,151.04,53.2,21.848,59.3,2.6,4.1
342-U1409C-020X-2-0.32,151.12,50.1,8.08,67.9,5.2,7.1
342-U1409A-020X-1-0.37,151.17,49.3,7.04,69.8,4.7,5.4
342-U1410A-017X-1-0.38,151.38,62.8,22.77,53.4,0.5,1.4
342-U1404A-017H-6-0.38,151.42,78.6,22.27,47.6,-0.3,-1.4
342-U1406A-017H-3-0.38,151.48,65.5,28.38,60.2,-0.6,-1.9
359-U1467B-018H-3-0.75,151.65,53.9,20.588,48.0,1.1,5.6
342-U1408A-017H-4-0.38,151.68,64.3,19.91,63.7,-1.2,-1.2
194-1195B-017H-1-0.8,151.7,58.6,19.2,56.26,-0.98,8.67
372-U1517C-028F-2-1.25,151.73,46.3,43.331,36.54,0.81,2.01
317-U1351B-020X-1-0.7,151.9,46.4,58.382,46.0,-1.7,-0.7
359-U1469A-017R-1-0.52,151.92,15.4,17.32,42.4,4.4,5.6
317-U1353B-028H-2-1.06,151.96,42.4,60.493,52.7,-1.6,1.6
317-U1353B-028H-2-1.08,151.98,41.3,60.493,52.7,-1.6,1.6
342-U1405A-017H-3-0.38,152.08,81.5,16.42,41.1,-0.6,0.7
342-U1411B-017H-7-0.28,152.28,53.6,37.22,41.8,-3.3,9.4
359-U1466A-020F-2-0.76,152.56,54.2,27.128,50.9,2.7,5.2
317-U1352B-017H-2-0.4,152.6,46.5,51.777,41.9,-0.8,0.7
342-U1409C-020X-3-0.35,152.65,50.9,7.54,71.0,5.2,5.9
317-U1353B-028H-3-0.45,152.65,44.0,62.007,43.9,-1.5,-0.1
342-U1409A-020X-2-0.36,152.66,51.1,9.57,65.9,4.6,9.5
342-U1404A-017H-7-0.2,152.7,78.5,21.57,43.7,-0.6,-0.7
342-U1410A-017X-2-0.38,152.88,64.3,17.25,65.0,0.9,-2.1
342-U1411B-018H-1-0.38,152.98,54.0,33.64,50.6,0.4,-2.0
342-U1406A-017H-4-0.38,152.98,64.7,26.16,63.0,0.9,-3.6
342-U1411B-018H-1-0.38,152.98,54.0,33.64,50.6,0.4,-2.0
359-U1469A-017R-2-0.61,153.01,22.8,38.364,39.7,5.9,10.9
372-U1517C-028F-3-1.23,153.1,41.6,36.994,39.46,1.15,2.22
342-U1408A-017H-5-0.38,153.18,61.3,14.56,64.1,-1.1,-0.1
194-1195B-017H-2-0.8,153.2,59.8,24.6,62.25,-0.45,10.57
317-U1351B-020X-2-0.86,153.56,54.1,57.6365,40.6,-1.3,-1.1
342-U1405A-017H-4-0.38,153.58,79.3,18.79,49.9,-0.3,0.5
342-U1404A-018H-1-0.38,153.58,79.4,20.82,42.9,-0.8,-0.8
359-U1468A-023F-3-0.61,153.61,55.2,13.561,61.4,2.9,5.6
359-U1468A-023F-3-0.61,153.61,55.2,13.561,61.4,2.9,5.6
317-U1353B-029H-1-0.82,153.82,42.5,62.487,48.1,-1.9,0.9
359-U1471A-017H-5-0.73,153.83,59.9,33.321,51.7,1.3,8.3
342-U1409A-020X-3-0.12,153.92,46.4,8.01,75.7,7.9,10.1
359-U1466A-020F-3-0.74,154.04,58.0,26.754,61.7,2.7,10.1
342-U1409C-020X-4-0.36,154.16,54.0,5.75,70.9,4.6,4.3
372-U1517C-028F-4-1.04,154.3,48.8,34.765,34.95,1.48,-1.3
194-1198A-017H-5-0.8,154.3,61.3,24.0,57.57,-0.8,10.07
342-U1410A-017X-3-0.38,154.38,63.8,19.36,54.2,-1.2,0.9
342-U1411B-018H-2-0.38,154.48,53.4,36.82,41.8,-0.4,3.7
342-U1406A-017H-5-0.38,154.48,63.9,26.27,55.3,-0.5,-1.0
342-U1408A-017H-6-0.2,154.5,65.2,19.78,59.1,0.0,-0.6
317-U1352B-017H-4-0.03,154.52,43.3,32.321,44.1,0.0,-0.2
359-U1467B-018H-5-0.73,154.63,58.2,30.061,49.2,1.3,6.7
194-1195B-017H-3-0.8,154.7,60.4,15.8,63.0,-0.19,12.3
194-1195B-017H-3-0.8,154.7,60.4,15.8,63.0,-0.19,12.3
317-U1352B-017H-4-0.38,154.87,40.5,56.586,41.9,0.4,-2.9
342-U1405A-017H-5-0.38,155.08,79.5,18.79,44.4,0.2,0.3
342-U1404A-018H-2-0.38,155.09,77.1,23.81,48.3,-0.1,-1.3
372-U1517C-029F-1-0.31,155.11,48.3,39.463,39.8,1.31,-2.86
317-U1351B-020X-3-1.0,155.2,42.7,60.693,45.8,-1.3,-0.9
317-U1353B-029H-4-0.38,155.26,42.3,63.329,47.0,-1.7,0.8
359-U1468A-024F-1-0.6,155.3,47.6,8.454,33.5,2.9,0.1
359-U1468A-024F-1-0.62,155.32,53.0,8.454,33.5,2.9,0.1
359-U1468A-024F-1-0.62,155.32,53.0,8.454,33.5,2.9,0.1
359-U1468A-024F-1-0.69,155.39,53.5,8.454,48.1,2.9,5.3
359-U1468A-024F-1-0.74,155.44,55.1,9.568,43.3,2.7,5.7
342-U1408A-017H-7-0.15,155.46,61.8,22.16,58.9,-1.3,-0.9
359-U1466A-021H-1-0.49,155.49,52.6,19.07,63.2,2.8,9.7
342-U1409A-020X-4-0.25,155.55,48.8,4.43,68.5,4.9,3.4
342-U1409A-020X-4-0.25,155.55,48.8,4.43,68.5,4.9,3.4
342-U1407A-020X-1-0.58,155.68,68.6,5.49,76.8,11.3,2.8
342-U1410A-017X-4-0.36,155.86,64.1,20.59,50.2,-1.8,-1.2
342-U1409C-020X-5-0.6,155.9,52.7,8.82,53.6,4.4,7.7
342-U1406A-017H-6-0.38,155.98,60.2,27.26,55.6,-1.3,-0.1
342-U1411B-018H-3-0.38,155.98,51.8,36.1,44.9,0.9,1.1
194-1195B-017H-4-0.8,156.2,60.2,16.8,59.81,-0.21,11.31
359-U1471A-017H-7-0.31,156.33,57.5,18.937,46.9,1.2,9.1
359-U1466A-021H-2-0.41,156.43,50.5,21.203,62.8,2.4,8.3
342-U1408A-018H-1-0.2,156.5,67.1,16.03,53.3,-1.0,0.3
372-U1517C-029F-2-1.23,156.59,44.0,40.339,36.42,0.75,-0.19
342-U1405A-017H-6-0.4,156.6,80.4,18.96,49.1,0.1,0.4
342-U1404A-018H-3-0.38,156.6,76.0,22.18,42.9,-0.2,-0.1
317-U1351B-020X-4-1.01,156.71,44.4,60.903,45.2,-1.1,-0.8
359-U1467B-018H-7-0.37,156.78,59.2,26.271,48.0,1.0,6.6
342-U1409A-020X-5-0.19,156.99,50.6,4.52,64.3,5.5,2.7
342-U1409C-020X-6-0.24,157.04,51.1,16.74,76.1,6.3,8.1
342-U1407A-020X-2-0.65,157.25,62.5,3.42,87.6,9.5,-2.7
317-U1354C-013X-2-1.46,157.26,44.7,48.412,52.1,-1.8,2.6
317-U1354C-013X-2-1.48,157.28,44.0,48.412,52.1,-1.8,2.6
359-U1471A-018H-1-0.75,157.35,60.4,21.248,48.4,1.3,7.5
317-U1352B-018H-1-1.16,157.36,44.1,58.526,42.3,0.0,-1.3
342-U1410A-017X-5-0.36,157.36,61.5,21.76,58.6,-1.0,-0.7
342-U1411B-018H-4-0.38,157.48,51.9,36.85,51.7,0.7,-1.1
342-U1411B-018H-4-0.38,157.48,51.9,36.85,51.7,0.7,-1.1
359-U1466A-021H-3-0.69,157.55,56.1,20.358,60.5,2.9,7.3
342-U1406A-018H-1-0.38,157.68,59.5,20.86,59.2,-0.4,1.1
194-1195B-017H-5-0.8,157.7,57.9,20.2,64.12,-0.11,11.39
342-U1408A-018H-2-0.2,157.71,61.4,22.51,61.0,-0.8,-1.2
342-U1410A-017X-5-0.72,157.72,62.1,16.97,73.5,0.2,-1.0
194-1198A-018H-1-0.8,157.8,64.0,27.4,52.76,-0.28,8.0
372-U1517C-029F-3-1.05,157.83,46.8,37.032,43.21,0.53,-0.07
342-U1405A-017H-7-0.14,157.84,78.7,17.66,49.3,0.7,-0.2
342-U1404A-018H-4-0.38,158.12,76.4,24.08,46.6,-0.5,0.3
359-U1467B-019H-1-0.75,158.15,54.4,17.114,51.2,1.0,7.1
317-U1351B-020X-5-1.0,158.2,44.9,63.626,41.9,-0.8,-1.2
194-1194B-007R-1-0.37,158.37,52.1,27.6,56.43,-0.21,10.04
372-U1517C-029F-4-0.36,158.38,44.7,40.628,38.48,0.47,0.95
194-1194B-007R-1-0.43,158.43,54.0,24.0,47.73,-0.06,7.34
194-1194B-007R-1-0.43,158.43,54.0,24.0,47.73,-0.06,7.34
342-U1409A-020X-6-0.15,158.45,55.3,5.39,64.4,6.2,8.2
342-U1408A-018H-3-0.38,158.51,61.2,22.55,61.1,-0.3,-1.0
342-U1405A-018H-1-0.38,158.58,78.6,17.96,47.8,0.3,-0.2
342-U1407A-020X-3-0.59,158.69,63.6,4.19,83.9,9.3,1.5
342-U1410A-017X-6-0.26,158.76,62.8,16.2,60.9,0.0,-2.4
372-U1517C-029F-5-0.37,158.92,48.4,41.451,40.14,0.66,0.87
359-U1466A-021H-4-0.69,158.97,59.0,20.918,61.1,2.8,4.9
342-U1411B-018H-5-0.38,158.98,52.8,37.93,46.0,-1.3,0.5
342-U1406A-018H-2-0.38,159.02,61.6,23.46,58.2,-0.6,-0.9
342-U1406A-018H-2-0.38,159.02,61.6,23.46,58.2,-0.6,-0.9
194-1195B-017H-6-0.8,159.2,62.2,20.8,61.43,-0.15,11.78
194-1198A-018H-2-0.8,159.3,64.3,29.8,57.43,-0.45,9.77
317-U1352B-018H-3-0.12,159.32,42.8,46.867,44.2,0.8,-2.2
317-U1352B-018H-3-0.24,159.44,45.0,52.516,48.0,-0.2,-1.5
317-U1352B-018H-3-0.32,159.52,46.4,56.513,48.4,-0.2,-1.7
342-U1404A-018H-5-0.38,159.63,77.8,25.66,43.1,-0.1,-0.5
317-U1351B-020X-6-1.0,159.7,41.8,65.566,40.8,-1.0,-1.0
342-U1408A-018H-4-0.38,159.85,59.7,21.01,59.6,-0.7,1.2
342-U1409A-020X-7-0.15,159.87,57.9,4.79,69.5,6.3,6.0
317-U1354C-013X-4-1.14,159.94,45.3,50.09,36.2,0.2,-1.0
342-U1407A-020X-4-0.34,159.94,63.1,4.3,83.4,15.1,-11.9
342-U1410A-017X-7-0.12,160.03,63.1,17.44,55.9,-2.2,1.9
342-U1410A-017X-7-0.12,160.03,63.1,17.44,55.9,-2.2,1.9
342-U1405A-018H-2-0.38,160.08,79.4,18.12,47.5,0.3,-0.8
342-U1405A-018H-2-0.38,160.08,79.4,18.12,47.5,0.3,-0.8
194-1195B-017H-7-0.21,160.11,60.3,20.4,59.3,-0.13,11.27
359-U1468A-025F-1-0.73,160.13,51.2,14.558,48.1,2.2,4.6
359-U1471A-018H-3-0.75,160.35,61.1,25.251,47.6,1.2,7.2
342-U1411B-018H-6-0.38,160.48,51.8,38.89,47.6,0.3,-0.8
342-U1411B-018H-6-0.38,160.48,51.8,38.89,47.6,0.3,-0.8
342-U1406A-018H-3-0.38,160.52,59.3,21.84,55.6,-1.8,0.9
359-U1466A-021H-5-0.75,160.53,62.9,19.504,67.0,2.8,10.2
342-U1409A-021X-1-0.15,160.55,60.8,3.73,71.1,5.8,7.2
194-1198A-018H-3-0.8,160.8,58.5,26.8,51.87,-0.57,7.68
342-U1410A-018X-1-0.38,160.98,67.0,19.45,62.0,-0.1,-1.8
342-U1404A-018H-6-0.38,161.14,77.5,23.36,45.9,-0.1,-0.2
359-U1467B-019H-3-0.75,161.15,54.2,20.764,,1.7,0.3
194-1195B-018H-1-0.8,161.2,64.1,20.2,56.25,-0.62,12.1
194-1195B-018H-1-0.8,161.2,64.1,20.2,56.25,-0.62,12.1
342-U1408A-018H-5-0.38,161.29,58.3,20.53,63.8,0.3,-1.7
317-U1351B-021X-1-0.595,161.4,44.6,59.297,38.3,-0.1,-2.7
342-U1407A-020X-5-0.34,161.44,65.6,3.67,84.0,9.5,1.0
317-U1352B-018H-5-0.9,161.5,46.4,53.545,45.7,-0.4,-1.5
372-U1517C-031F-2-0.85,161.57,44.8,40.213,41.71,1.49,-1.7
342-U1405A-018H-3-0.38,161.59,79.6,18.24,47.0,0.8,-1.3
359-U1466A-021H-6-0.39,161.66,56.1,14.607,66.0,2.1,9.6
342-U1411B-018H-7-0.3,161.9,51.8,42.28,48.6,0.5,-0.8
342-U1406A-018H-4-0.38,162.02,58.2,25.28,54.9,-1.0,0.1
342-U1404A-018H-7-0.2,162.17,76.8,22.96,41.1,-0.6,1.2
372-U1517C-031F-3-0.56,162.26,43.1,40.998,40.74,1.3,-1.31
194-1198A-018H-4-0.8,162.3,58.5,26.4,54.16,-0.73,10.33
342-U1409A-021X-2-0.53,162.43,59.0,4.16,71.6,7.0,7.8
342-U1411B-019H-1-0.37,162.47,53.7,35.42,48.1,1.0,-0.5
342-U1410A-018X-2-0.38,162.48,65.4,20.2,61.0,0.1,-2.0
194-1195B-018H-2-0.8,162.7,65.9,20.4,59.08,-0.39,11.54
359-U1466A-022H-1-0.74,162.74,47.0,21.738,62.1,2.2,9.8
342-U1408A-018H-6-0.45,162.78,60.1,19.82,59.3,0.9,-2.3
359-U1465B-018R-1-0.05,162.95,38.3,11.762,62.1,5.5,10.0
317-U1351B-021X-2-0.725,163.02,45.6,58.065,42.2,-1.3,-1.5
342-U1404A-019H-1-0.38,163.08,74.9,26.46,45.1,0.3,-1.4
342-U1407A-020X-6-0.5,163.1,63.9,4.93,62.4,,-2.4
342-U1405A-018H-4-0.38,163.11,77.7,22.25,44.8,-1.0,0.4
359-U1468A-025F-3-0.73,163.13,52.0,8.771,55.3,3.4,7.1
372-U1517C-031F-4-0.74,163.14,46.6,30.361,39.78,0.83,0.77
342-U1406A-018H-5-0.38,163.52,57.4,24.02,57.1,-0.9,0.2
317-U1352B-018H-7-0.36,163.56,44.6,54.133,48.4,0.1,-1.5
317-U1352B-018H-7-0.36,163.56,44.6,54.133,48.4,0.1,-1.5
194-1198A-018H-5-0.8,163.8,63.6,28.0,50.58,-0.34,10.93
342-U1408A-018H-7-0.2,163.96,59.9,24.92,56.3,-0.2,0.5
342-U1410A-018X-3-0.38,163.98,64.5,20.59,57.9,-1.1,0.0
342-U1411B-019H-2-0.38,163.98,52.5,32.45,55.2,0.0,-0.8
342-U1407A-020X-7-0.11,164.01,66.2,4.28,81.1,8.0,-0.4
194-1195B-018H-3-0.8,164.2,65.6,19.0,59.28,-0.76,11.25
359-U1466A-022H-2-0.74,164.24,54.9,29.701,65.8,2.8,8.3
317-U1351B-021X-3-0.605,164.4,45.1,57.138,40.1,-0.2,-1.6
359-U1470A-020F-2-0.7,164.46,36.5,27.087,35.0,2.3,-0.7
342-U1404A-019H-2-0.38,164.58,76.6,23.58,44.8,0.9,-1.9
342-U1405A-018H-5-0.38,164.62,79.3,19.71,42.2,-0.3,0.8
359-U1468A-026F-1-0.6,164.7,49.5,12.688,53.3,2.6,7.2
342-U1406A-019H-1-0.38,165.08,59.2,20.87,53.2,-1.5,0.1
317-U1354C-014X-1-1.28,165.18,36.3,59.422,46.2,-0.7,-0.5
342-U1407A-021X-1-0.49,165.19,64.8,4.11,70.7,7.6,0.3
342-U1407A-021X-1-0.49,165.19,64.8,4.11,70.7,7.6,0.3
317-U1354C-014X-1-1.3,165.2,35.8,58.664,46.2,-0.7,-0.5
194-1198A-018H-6-0.8,165.3,56.7,29.4,53.36,-0.71,6.08
342-U1411B-019H-3-0.38,165.48,54.1,39.15,48.3,1.6,-1.5
342-U1410A-018X-4-0.38,165.48,65.8,19.99,56.2,-1.6,1.3
194-1195B-018H-4-0.8,165.7,61.0,20.2,61.38,-0.43,10.89
359-U1466A-022H-3-0.74,165.74,48.9,35.374,64.3,2.1,9.8
317-U1351B-021X-4-0.595,165.9,47.5,57.71,43.3,-0.4,-1.2
359-U1471A-018H-7-0.3,165.9,54.9,19.251,36.3,2.2,-1.8
342-U1405A-018H-6-0.24,165.99,76.3,21.55,45.2,-0.3,2.5
342-U1405A-018H-6-0.24,165.99,76.3,21.55,45.2,-0.3,2.5
372-U1517C-032F-2-0.54,166.0,43.1,31.028,36.2,0.86,-0.33
342-U1404A-019H-3-0.38,166.08,75.4,26.84,41.4,0.9,0.5
342-U1404A-019H-3-0.38,166.08,75.4,26.84,41.4,0.9,0.5
342-U1403A-020X-1-0.42,166.12,60.4,19.53,58.8,1.6,3.2
342-U1408A-019H-1-0.38,166.18,57.9,24.62,61.1,-0.3,-0.9
194-1198A-018H-7-0.2,166.2,58.1,27.8,48.99,-0.53,9.02
317-U1352B-019H-1-0.73,166.43,47.3,55.295,48.4,0.4,-2.5
317-U1352B-019H-1-0.73,166.43,47.3,55.295,48.4,0.4,-2.5
359-U1467B-019H-7-0.45,166.46,56.8,24.672,48.5,1.3,7.0
342-U1407A-021X-2-0.28,166.48,65.0,4.39,76.0,18.9,-14.4
342-U1406A-019H-2-0.38,166.58,57.9,18.82,64.6,0.1,-1.2
359-U1470A-021F-2-0.57,166.58,35.0,40.613,48.7,3.2,-2.7
359-U1471A-019H-1-0.74,166.84,55.7,17.241,47.4,1.3,6.2
359-U1471A-019H-1-0.74,166.84,55.7,17.241,47.4,1.3,6.2
194-1193A-031X-1-0.32,166.92,26.4,53.6,42.06,-0.98,2.59
342-U1411B-019H-4-0.38,166.98,52.8,37.59,45.1,0.3,-1.4
342-U1410A-018X-5-0.38,166.98,64.4,20.88,59.4,0.5,-1.8
342-U1405A-018H-7-0.14,167.1,77.3,21.34,43.7,0.0,1.2
359-U1466A-022H-4-0.69,167.19,53.1,39.081,57.7,2.8,6.2
194-1195B-018H-5-0.8,167.2,65.8,19.8,62.13,-0.41,11.13
194-1198A-019H-1-0.8,167.3,57.8,24.0,49.7,-0.57,9.2
317-U1351B-021X-5-0.545,167.34,49.1,59.69,47.2,-0.8,-1.1
359-U1468A-026F-3-0.62,167.43,44.1,13.321,44.1,3.1,5.9
342-U1404A-019H-4-0.38,167.59,73.6,25.41,43.9,0.1,-0.7
342-U1408A-019H-2-0.38,167.68,58.0,27.41,56.7,1.7,-1.4
359-U1467B-020H-1-0.84,167.74,62.8,19.467,46.5,0.6,9.5
359-U1467B-020H-1-0.84,167.74,62.8,19.467,46.5,0.6,9.5
317-U1351B-021X-5-0.995,167.8,44.7,57.191,43.8,-0.5,-1.2
342-U1403A-020X-2-0.67,167.87,71.8,17.34,50.3,-1.8,2.3
194-1194B-008R-1-0.44,168.04,49.6,25.0,54.35,-0.68,7.38
342-U1405A-019H-1-0.37,168.07,78.8,20.69,37.8,0.1,1.9
194-1194B-008R-1-0.47,168.07,46.1,23.4,54.28,-0.7,8.36
342-U1405A-019H-1-0.37,168.07,78.8,20.69,37.8,0.1,1.9
342-U1406A-019H-3-0.38,168.08,56.8,19.81,65.3,-0.1,-1.6
342-U1407A-021X-3-0.51,168.21,67.2,4.59,79.2,11.3,4.1
342-U1410A-018X-6-0.28,168.38,63.6,19.44,61.3,-0.3,-1.3
342-U1410A-018X-6-0.28,168.38,63.6,19.44,61.3,-0.3,-1.3
342-U1411B-019H-5-0.39,168.49,52.3,37.57,48.9,0.0,0.0
194-1195B-018H-6-0.8,168.7,61.0,24.6,56.34,0.04,11.44
359-U1466A-022H-5-0.74,168.74,52.8,37.374,60.2,2.6,7.6
194-1198A-019H-2-0.8,168.8,56.1,27.2,47.5,-0.93,9.62
194-1193A-031X-2-0.86,168.96,53.6,24.8,52.39,-1.71,5.7
359-U1468A-027H-1-0.3,169.1,47.1,22.097,50.1,3.1,3.6
342-U1404A-019H-5-0.38,169.1,75.8,26.45,47.9,0.4,-1.1
359-U1470B-002R-CC-0.22,169.12,19.7,27.234,30.3,3.2,-4.3
342-U1408A-019H-3-0.38,169.18,56.3,25.83,56.9,0.4,-1.5
194-1194B-008R-2-0.32,169.42,48.8,26.6,55.9,-0.39,8.57
194-1194B-008R-2-0.35,169.45,47.8,27.6,56.13,-0.19,8.65
342-U1405A-019H-2-0.37,169.57,78.4,20.74,40.7,-1.4,1.2
342-U1406A-019H-4-0.38,169.58,56.3,24.24,62.0,-0.1,-0.1
342-U1410A-018X-7-0.16,169.58,64.4,21.71,57.8,-0.7,0.6
342-U1410A-018X-7-0.16,169.58,64.4,21.71,57.8,-0.7,0.6
342-U1411B-019H-6-0.09,169.69,52.5,36.46,,-0.2,3.7
342-U1407A-021X-4-0.57,169.77,67.0,4.9,80.2,9.9,3.3
342-U1407A-021X-4-0.57,169.77,67.0,4.9,80.2,9.9,3.3
342-U1403A-020X-3-1.09,169.79,74.1,13.54,48.3,-0.7,1.5
359-U1471A-019H-3-0.74,169.84,59.0,19.708,49.0,1.0,9.3
317-U1352B-019H-3-1.3,170.0,43.8,57.816,42.3,0.8,-3.3
194-1195B-018H-7-0.7,170.1,58.3,18.8,61.01,-0.17,12.5
359-U1466A-022H-6-0.74,170.24,49.0,36.534,53.1,2.5,4.8
372-U1517C-033F-1-0.6,170.3,42.8,36.815,38.28,1.48,-1.01
372-U1517C-033F-1-0.6,170.3,42.8,36.815,38.28,1.48,-1.01
194-1198A-019H-3-0.8,170.3,57.4,23.0,49.1,-0.19,8.9
342-U1409A-022X-1-0.32,170.32,54.1,5.78,70.0,6.3,6.3
194-1196B-029Z-2-0.51,170.44,24.4,15.6,61.97,3.04,13.26
342-U1410A-019X-1-0.41,170.61,63.3,20.47,62.9,0.5,-2.2
342-U1404A-019H-6-0.38,170.62,76.9,25.9,44.8,-0.4,-1.0
342-U1408A-019H-4-0.38,170.68,56.6,27.5,53.8,-0.4,0.2
194-1195B-019H-1-0.8,170.7,61.5,21.4,52.64,-0.68,11.9
317-U1351B-022X-1-0.315,170.72,40.2,30.573,38.6,-0.8,1.0
359-U1468A-027H-3-0.3,170.76,46.6,29.187,33.8,2.7,-1.7
372-U1517C-033F-2-0.41,170.88,44.4,36.417,40.55,0.54,2.08
359-U1468A-027H-3-0.46,170.92,47.1,29.033,56.2,2.2,6.8
342-U1406A-019H-5-0.37,171.07,54.3,24.53,61.3,-0.3,-1.3
342-U1405A-019H-3-0.37,171.07,78.5,20.81,38.4,0.3,0.7
359-U1466A-022H-7-0.29,171.29,46.7,36.621,48.3,2.7,8.4
342-U1403A-020X-4-1.1,171.3,75.1,15.38,53.3,-2.0,1.9
342-U1411B-019H-7-0.28,171.38,52.1,38.33,50.5,0.4,-1.9
342-U1407A-021X-5-0.76,171.46,60.4,6.72,71.0,6.4,-4.2
359-U1466A-023H-1-0.08,171.58,56.2,30.284,44.6,2.9,5.1
342-U1404A-019H-7-0.22,171.68,73.2,28.75,44.7,-0.4,1.3
194-1198A-019H-4-0.8,171.8,49.9,30.2,50.23,-0.16,9.02
342-U1409A-022X-2-0.37,171.87,55.5,6.18,68.2,6.2,6.3
372-U1517C-033F-3-0.83,171.91,38.8,37.554,34.24,0.6,-0.27
342-U1411B-020H-1-0.38,171.98,53.8,34.41,52.0,0.7,-2.9
342-U1403A-020X-5-0.38,172.08,71.0,16.11,58.3,-0.2,5.4
342-U1410A-019X-2-0.38,172.08,62.6,22.73,60.2,-0.1,-1.7
342-U1408A-019H-5-0.38,172.18,55.1,26.78,56.3,-0.2,0.0
194-1195B-019H-2-0.8,172.2,59.4,18.8,57.31,-0.4,12.78
317-U1351B-022X-2-0.315,172.22,40.1,36.879,40.4,-0.2,0.2
359-U1467B-020H-4-0.86,172.26,59.0,23.604,49.6,1.1,7.4
342-U1406A-019H-6-0.35,172.55,54.4,22.49,59.3,-0.3,0.3
342-U1405A-019H-4-0.37,172.57,77.6,22.01,48.9,0.6,0.2
342-U1404A-020H-1-0.38,172.58,73.1,29.5,41.8,-0.4,1.0
194-1193A-032X-1-1.09,172.59,48.5,30.0,51.71,-1.23,5.94
372-U1517C-033F-4-0.54,172.68,45.0,38.973,46.54,1.86,1.55
359-U1471A-019H-5-0.74,172.84,56.4,27.291,50.0,1.0,8.7
317-U1352B-019H-5-1.31,173.01,46.1,56.199,51.2,-0.3,-1.4
194-1196B-030Z-1-0.57,173.07,21.3,15.6,61.97,3.04,13.26
359-U1465B-019R-1-0.5,173.1,12.9,12.246,62.8,4.3,5.4
359-U1466A-024X-1-0.64,173.14,47.6,48.478,46.6,3.0,8.8
194-1198A-019H-5-0.8,173.3,59.0,24.4,48.99,-0.19,9.99
342-U1409A-022X-3-0.33,173.33,50.6,6.31,68.1,6.1,5.3
342-U1411B-020H-2-0.38,173.48,52.7,35.98,45.2,-0.3,-0.5
342-U1410A-019X-3-0.38,173.58,63.1,25.67,60.1,0.2,-1.7
342-U1403A-020X-6-0.4,173.6,69.7,18.91,58.3,-0.2,4.8
359-U1467B-020H-5-0.73,173.63,56.7,19.014,52.2,0.8,7.3
342-U1408A-019H-6-0.38,173.68,54.9,26.81,57.1,0.9,-1.9
194-1195B-019H-3-0.8,173.7,57.8,25.0,59.64,-0.67,12.38
359-U1465B-019R-1-1.12,173.72,43.4,10.864,62.3,4.9,8.0
194-1196B-030Z-2-0.04,173.98,25.0,15.6,61.97,3.04,13.26
317-U1353B-033H-1-0.41,174.01,41.3,62.996,46.8,-1.3,0.9
317-U1353B-033H-1-0.42,174.02,41.3,62.996,46.8,-1.3,0.9
342-U1405A-019H-5-0.37,174.07,79.0,21.41,41.4,-0.5,0.0
342-U1405A-019H-5-0.37,174.07,79.0,21.41,41.4,-0.5,0.0
342-U1406A-020H-1-0.38,174.08,58.7,23.16,58.3,1.1,-1.7
342-U1406A-020H-1-0.38,174.08,58.7,23.16,58.3,1.1,-1.7
342-U1404A-020H-2-0.38,174.08,73.7,28.77,50.1,-0.8,-1.8
342-U1407A-022X-1-0.15,174.45,56.6,8.62,68.9,6.8,-1.8
359-U1466A-024X-2-0.55,174.54,39.2,47.413,47.9,3.0,10.1
194-1198A-019H-6-0.8,174.8,57.2,26.0,51.66,-0.53,10.78
342-U1409A-022X-4-0.3,174.8,55.5,4.77,71.1,6.1,5.4
342-U1408A-019H-7-0.1,174.8,55.3,24.96,55.8,0.1,-1.4
317-U1353B-033H-2-0.88,174.92,35.4,35.377,33.9,-0.3,-0.9
342-U1411B-020H-3-0.38,174.98,52.0,37.6,52.7,0.4,-1.5
317-U1351B-022X-CC-0.11,175.01,15.2,12.44,48.8,-2.9,1.2
317-U1351B-022X-CC-0.11,175.01,15.2,12.44,48.8,-2.9,1.2
342-U1403A-020X-7-0.44,175.04,64.4,19.1,61.8,0.2,3.6
342-U1410A-019X-4-0.38,175.08,63.0,25.1,58.5,-0.6,-1.0
342-U1410A-019X-4-0.38,175.08,63.0,25.1,58.5,-0.6,-1.0
317-U1352B-020H-1-0.39,175.09,46.8,52.809,44.1,-0.4,-2.2
194-1195B-019H-4-0.8,175.2,53.4,23.4,60.81,-0.54,10.6
194-1195B-019H-4-0.8,175.2,53.4,23.4,60.81,-0.54,10.6
359-U1471A-019H-7-0.18,175.28,57.0,20.944,51.7,1.6,5.0
342-U1405A-019H-6-0.27,175.47,78.1,20.7,39.7,-1.0,2.8
342-U1406A-020H-2-0.38,175.49,57.4,26.54,59.0,-0.4,-1.8
342-U1404A-020H-3-0.38,175.58,72.0,31.05,41.1,-1.3,0.5
342-U1408A-020H-1-0.38,175.68,55.8,27.3,54.1,-1.2,1.3
194-1198A-019H-7-0.2,175.7,57.3,29.2,52.0,-0.66,11.14
359-U1467B-020H-7-0.4,175.81,57.6,21.502,49.7,1.1,7.2
342-U1407A-022X-2-0.11,175.91,49.8,11.72,66.7,14.2,-19.4
342-U1409A-022X-5-0.14,176.14,53.6,6.04,49.7,3.5,1.5
342-U1403A-021X-1-0.74,176.14,62.5,27.59,45.8,2.3,10.4
359-U1471A-020H-1-0.75,176.35,55.0,16.381,56.0,1.4,7.3
359-U1471A-020H-1-0.75,176.35,55.0,16.381,56.0,1.4,7.3
194-1193A-033X-1-0.1,176.4,53.3,12.0,53.64,-0.96,5.22
194-1193A-033X-1-0.1,176.4,53.3,12.0,53.64,-0.96,5.22
342-U1411B-020H-4-0.38,176.48,53.3,38.63,42.0,-0.4,0.3
342-U1405A-019H-7-0.15,176.55,77.4,18.55,42.6,-0.2,1.9
342-U1410A-019X-5-0.38,176.58,63.7,23.31,52.8,-0.1,-1.1
194-1195B-019H-5-0.8,176.7,50.8,20.8,61.98,-0.56,10.67
194-1198A-020H-1-0.8,176.8,57.6,24.8,52.4,-0.34,10.3
194-1198A-020H-1-0.8,176.8,57.6,24.8,52.4,-0.34,10.3
342-U1406A-020H-3-0.38,176.99,57.5,26.08,60.2,0.7,-0.6
342-U1404A-020H-4-0.38,177.08,73.5,28.98,47.1,-1.0,0.4
359-U1467B-021H-1-0.74,177.14,59.0,20.044,50.2,1.4,4.4
342-U1408A-020H-2-0.38,177.18,56.0,27.4,56.0,-1.2,0.3
194-1194B-009R-1-0.1,177.3,52.9,25.0,59.08,-0.1,10.45
342-U1403A-021X-2-0.51,177.41,65.6,25.99,50.5,3.0,15.1
342-U1411B-021X-1-0.1,177.5,55.0,22.83,45.4,-0.2,1.1
342-U1405A-020H-1-0.38,177.58,80.2,16.88,36.6,-1.0,2.4
342-U1407A-022X-3-0.28,177.58,57.9,12.99,59.7,14.4,-18.0
317-U1352B-020H-3-0.27,177.65,48.7,44.983,43.2,0.1,-0.4
317-U1352B-020H-3-0.27,177.65,48.7,44.983,43.2,0.1,-0.4
342-U1409A-022X-6-0.23,177.73,51.5,8.1,66.7,6.0,4.1
317-U1354C-015X-3-1.36,177.86,44.6,63.204,49.5,-1.3,0.5
317-U1354C-015X-3-1.38,177.88,44.0,63.204,49.5,-1.3,0.5
317-U1354C-015X-3-1.38,177.88,44.0,63.204,49.5,-1.3,0.5
342-U1410A-019X-6-0.38,178.08,62.7,23.52,57.1,0.9,-3.3
194-1195B-019H-6-0.8,178.2,61.8,23.2,58.82,-0.33,10.63
317-U1353B-034H-1-1.28,178.28,44.4,62.163,43.0,-1.0,0.5
194-1198A-020H-2-0.8,178.3,56.9,28.6,53.4,-0.5,10.06
317-U1354C-015X-4-0.41,178.41,42.8,63.277,41.1,-0.6,-1.8
317-U1353B-034H-1-1.48,178.48,41.2,59.623,47.5,-1.4,1.7
342-U1406A-020H-4-0.38,178.49,58.3,29.11,62.0,0.3,-2.5
342-U1404A-020H-5-0.38,178.58,71.9,30.26,48.5,-0.6,-1.3
342-U1408A-020H-3-0.38,178.68,56.8,27.99,54.4,0.3,-1.4
342-U1409A-022X-7-0.08,178.69,46.2,5.26,51.7,4.7,4.7
359-U1468A-028F-1-0.49,178.79,48.7,10.94,49.0,2.2,4.9
342-U1403A-021X-3-0.49,178.89,62.9,24.93,48.1,3.8,16.4
342-U1405A-020H-2-0.38,179.08,79.4,18.13,45.6,-0.2,-1.3
317-U1354C-015X-4-1.09,179.09,42.9,63.79,44.2,-1.2,-0.7
194-1195B-019H-7-0.2,179.1,55.8,20.2,59.21,-0.53,10.2
342-U1410A-019X-7-0.13,179.14,62.6,20.9,53.4,0.5,0.7
342-U1407A-022X-4-0.46,179.26,57.7,13.44,54.8,4.1,-3.3
359-U1471A-020H-3-0.75,179.35,56.2,21.214,49.8,1.5,8.7
372-U1517C-035F-2-0.04,179.48,47.8,46.41,35.19,0.72,-0.74
194-1198A-020H-3-0.8,179.8,58.4,27.6,51.23,-0.03,9.66
342-U1409A-023X-1-0.24,179.84,49.4,5.46,55.7,4.6,4.3
372-U1517C-035F-2-0.44,179.88,49.0,40.707,40.63,0.45,-0.44
342-U1403A-021X-4-0.02,179.92,59.9,23.69,50.2,4.1,18.1
342-U1404A-020H-6-0.28,179.98,71.9,31.7,47.5,-0.9,0.9
342-U1406A-020H-5-0.38,179.99,56.5,26.82,58.0,-1.1,0.0
359-U1467B-021H-3-0.74,180.14,59.0,27.858,51.5,1.0,6.6
342-U1408A-020H-4-0.38,180.18,55.5,29.29,56.4,-0.2,-1.3
342-U1410A-020X-1-0.38,180.18,57.3,22.78,60.9,0.8,-1.1
194-1195B-020H-1-0.8,180.2,57.7,22.4,59.65,-0.29,13.1
194-1196B-032Z-1-0.02,180.22,25.1,15.6,61.97,3.04,13.26
194-1192B-002M-1-0.4,180.3,57.6,36.8,46.38,2.45,9.05
342-U1405A-020H-3-0.38,180.58,79.0,19.08,45.9,-0.1,1.4
342-U1407A-022X-5-0.57,180.87,52.8,14.74,61.6,12.3,-18.1
372-U1517C-035F-3-0.95,181.01,47.8,35.761,43.55,1.38,-0.73
342-U1404A-020H-7-0.2,181.1,71.1,30.27,44.9,-0.3,-1.8
342-U1406A-020H-6-0.18,181.1,57.1,25.7,54.2,-0.7,0.9
359-U1468A-028F-3-0.51,181.29,51.2,12.16,48.7,2.2,7.0
194-1198A-020H-4-0.8,181.3,58.4,32.8,55.06,-0.21,10.29
342-U1409A-023X-2-0.29,181.39,49.7,4.32,62.3,5.3,2.6
342-U1408A-020H-5-0.38,181.68,55.0,27.6,59.6,0.1,-1.8
342-U1410A-020X-2-0.4,181.7,56.8,24.12,53.3,0.5,0.5
194-1195B-020H-2-0.8,181.7,52.6,20.0,57.53,-0.08,8.83
359-U1466A-025H-1-0.46,181.96,47.4,42.84,45.3,2.5,3.7
359-U1466A-025H-1-0.46,181.96,47.4,42.84,45.3,2.5,3.7
342-U1403A-021X-5-0.6,182.0,64.7,33.64,38.2,10.2,19.2
372-U1517C-035F-4-0.76,182.08,46.9,41.254,41.71,0.58,1.43
342-U1405A-020H-4-0.38,182.08,75.1,20.93,52.4,0.3,-0.5
342-U1404A-021H-1-0.43,182.13,69.1,30.26,49.0,-0.5,-1.6
342-U1406A-021H-1-0.5,182.2,56.1,23.17,65.0,0.2,0.1
359-U1471A-020H-5-0.75,182.35,55.7,23.754,52.1,1.3,8.2
317-U1352B-021H-2-1.27,182.47,45.0,50.442,42.1,0.4,-2.5
359-U1466A-025H-2-0.37,182.63,52.9,29.907,50.7,3.6,9.5
194-1198A-020H-5-0.8,182.8,56.6,29.4,50.7,-0.68,9.09
342-U1409A-023X-3-0.26,182.86,46.5,8.83,67.9,7.8,7.5
342-U1410A-020X-3-0.38,183.18,54.7,25.02,57.7,-0.3,-1.1
194-1195B-020H-3-0.8,183.2,61.1,21.8,59.13,-0.59,12.92
342-U1408A-021X-1-0.33,183.23,55.5,25.18,52.1,0.2,0.0
317-U1352B-021H-3-0.59,183.29,48.2,46.123,44.2,0.4,-0.8
342-U1406A-021H-2-0.19,183.39,57.0,23.48,57.4,0.0,2.5
359-U1467B-021H-5-1.06,183.46,58.0,24.077,47.5,0.9,6.3
342-U1403A-021X-6-0.56,183.46,71.0,28.15,39.4,8.6,13.2
342-U1404A-021H-2-0.37,183.57,69.5,34.6,40.4,0.7,-0.9
342-U1405A-020H-5-0.38,183.58,78.8,18.86,48.3,0.5,-0.7
359-U1468A-029F-1-0.95,183.95,49.7,10.101,64.5,2.4,9.9
372-U1517C-036F-1-0.33,184.13,47.2,34.818,38.75,1.05,2.42
194-1192B-004H-2-0.8,184.2,54.2,22.6,57.26,-0.72,10.27
359-U1466A-026F-1-0.75,184.25,49.8,36.448,47.4,2.8,8.8
194-1198A-020H-6-0.8,184.3,57.4,33.0,55.54,-0.2,10.75
342-U1409A-023X-4-0.22,184.32,51.8,4.96,69.4,6.3,6.3
342-U1406A-021H-3-0.38,184.33,56.5,28.01,58.6,0.3,1.0
342-U1403A-021X-7-0.55,184.45,66.8,27.12,21.2,10.7,18.2
342-U1410A-020X-4-0.38,184.68,57.5,25.74,59.2,0.4,-3.6
194-1195B-020H-4-0.8,184.7,63.2,23.8,58.11,-0.5,11.02
359-U1471A-020H-7-0.23,184.73,55.1,18.951,41.4,1.2,6.8
359-U1471A-020H-7-0.23,184.73,55.1,18.951,41.4,1.2,6.8
342-U1407A-023X-1-0.83,184.73,56.8,5.57,78.1,14.8,-14.9
342-U1407A-023X-1-0.83,184.73,56.8,5.57,78.1,14.8,-14.9
342-U1405A-020H-6-0.25,184.95,78.9,17.82,48.1,-0.2,0.7
342-U1405A-020H-6-0.25,184.95,78.9,17.82,48.1,-0.2,0.7
342-U1404A-021H-3-0.31,185.01,69.3,32.04,46.3,-0.6,-0.3
342-U1408A-021X-2-0.71,185.11,56.9,25.26,57.7,-0.8,-1.4
194-1198A-020H-7-0.2,185.2,59.0,26.0,53.16,-0.19,10.34
194-1198A-020H-7-0.2,185.2,59.0,26.0,53.16,-0.19,10.34
342-U1403A-022X-1-0.135,185.235,69.4,20.12,40.6,8.6,11.0
359-U1467B-021H-7-0.34,185.24,57.3,18.775,47.6,1.0,7.2
317-U1352B-021H-4-1.15,185.35,46.5,53.38,49.1,0.2,-1.3
317-U1352B-021H-4-1.15,185.35,46.5,53.38,49.1,0.2,-1.3
194-1196B-033Z-1-0.51,185.41,13.4,15.6,61.97,3.04,13.26
194-1196B-033Z-1-0.51,185.41,13.4,15.6,61.97,3.04,13.26
372-U1517C-036F-2-1.12,185.46,45.7,37.899,40.98,0.87,2.74
194-1192B-004H-3-0.8,185.7,50.6,20.2,58.81,-1.18,9.77
342-U1406A-021H-4-0.38,185.71,55.6,26.74,59.2,0.0,0.2
359-U1466A-026F-2-0.74,185.73,55.6,25.238,54.9,2.8,10.4
342-U1409A-023X-5-0.22,185.82,51.1,4.95,84.3,9.3,4.8
342-U1407A-023X-2-0.57,185.97,60.5,5.94,73.4,8.3,7.0
359-U1471A-021H-1-0.9,186.0,58.8,26.971,49.1,1.6,11.0
342-U1405A-020H-7-0.15,186.07,79.0,18.51,42.9,0.5,-0.1
342-U1410A-020X-5-0.38,186.18,56.7,25.48,51.8,-0.3,-0.8
194-1195B-020H-5-0.8,186.2,58.8,23.0,56.78,-0.48,10.92
194-1198A-021H-1-0.8,186.3,60.0,26.8,53.46,-0.26,10.01
342-U1408A-021X-3-0.46,186.36,58.3,23.29,46.3,0.6,-0.3
342-U1404A-021H-4-0.38,186.58,70.1,35.24,45.4,-0.8,0.2
359-U1467B-022H-1-0.75,186.65,58.7,18.001,52.8,1.4,6.0
359-U1468A-029F-3-0.7,186.66,46.6,12.344,14.5,1.9,-3.4
342-U1406A-021H-5-0.38,187.07,55.0,26.83,61.5,0.9,0.0
342-U1405A-021H-1-0.38,187.08,79.1,15.76,38.2,-0.6,3.1
194-1194B-010R-1-0.34,187.14,45.8,18.4,48.52,-1.76,5.35
194-1192B-004H-4-0.8,187.2,51.4,23.4,63.09,-0.44,9.64
359-U1466A-026F-3-0.73,187.22,57.1,25.444,54.9,3.0,10.8
342-U1409A-023X-6-0.2,187.3,52.3,6.01,82.5,8.5,5.2
342-U1407A-023X-3-0.54,187.44,52.9,5.7,76.9,13.4,-14.8
342-U1403A-022X-2-0.92,187.52,64.6,25.15,31.1,18.0,40.6
342-U1403A-022X-2-0.92,187.52,64.6,25.15,31.1,18.0,40.6
342-U1410A-020X-6-0.33,187.63,55.9,25.05,58.3,0.3,-1.7
342-U1408A-021X-4-0.26,187.66,55.1,24.45,59.2,0.4,-1.7
194-1195B-020H-6-0.8,187.7,61.2,20.8,61.81,-0.25,11.95
194-1198A-021H-2-0.8,187.8,59.6,25.0,49.47,-0.31,9.58
317-U1352B-021H-6-0.67,187.87,45.8,51.735,52.4,0.0,-1.4
317-U1352B-021H-6-0.67,187.87,45.8,51.735,52.4,0.0,-1.4
342-U1404A-021H-5-0.38,188.08,70.0,33.62,49.9,-0.3,-2.0
342-U1405A-021H-2-0.38,188.15,78.9,16.63,41.4,-1.3,2.3
342-U1406A-021H-6-0.17,188.24,56.0,25.26,59.3,0.5,0.5
342-U1403A-022X-3-0.725,188.325,66.6,24.15,43.2,13.4,16.9
359-U1468A-030F-1-0.75,188.45,50.7,12.654,39.4,1.5,4.1
317-U1353B-037H-2-0.17,188.5,40.8,67.488,34.8,0.1,-2.4
194-1192B-004H-5-0.8,188.7,49.1,20.2,64.67,-0.49,10.6
342-U1407A-023X-4-0.34,188.74,57.2,3.59,81.7,7.3,-1.7
342-U1410A-020X-7-0.15,188.76,57.2,26.15,51.8,-0.9,1.2
359-U1471A-021H-3-0.7,188.8,54.5,19.604,45.6,1.3,9.0
194-1194B-010R-2-0.56,188.86,49.6,17.6,48.17,-1.63,7.87
359-U1466A-027F-1-0.77,188.97,52.6,27.044,46.7,2.6,9.6
194-1198A-021H-3-0.8,189.3,59.9,28.2,53.24,0.09,10.01
194-1198A-021H-3-0.8,189.3,59.9,28.2,53.24,0.09,10.01
342-U1408A-022X-1-0.38,189.38,56.1,25.43,60.3,0.7,-0.8
342-U1404A-021H-6-0.25,189.45,67.2,43.52,43.7,0.0,-0.7
342-U1408A-021X-5-0.65,189.55,55.0,24.43,59.8,1.8,-3.0
342-U1410A-021X-1-0.21,189.61,55.4,22.45,58.3,-0.6,-0.5
342-U1409A-024X-1-0.44,189.64,51.3,9.63,65.9,8.0,11.9
359-U1467B-022H-3-0.75,189.65,58.2,16.114,52.0,1.4,6.2
342-U1405A-021H-3-0.38,189.66,78.3,19.35,50.9,0.5,-1.6
194-1195B-021H-1-0.8,189.7,54.7,22.0,59.25,-0.52,12.89
194-1194B-010R-3-0.69,189.94,50.4,17.4,54.6,-0.86,8.14
194-1192B-004H-6-0.8,190.2,47.5,23.6,59.74,-0.81,10.71
359-U1466A-027F-2-0.72,190.41,51.3,25.068,55.4,3.2,12.1
342-U1410A-021X-2-0.38,190.42,55.7,23.96,62.9,0.1,-2.9
342-U1408A-022X-2-0.36,190.66,55.6,27.01,48.9,-1.1,-0.2
342-U1407A-023X-5-0.84,190.74,57.2,3.23,90.1,13.4,-10.7
342-U1408A-021X-6-0.38,190.78,55.5,22.25,58.1,0.2,-1.5
194-1198A-021H-4-0.8,190.8,59.8,26.8,53.31,-0.05,9.15
194-1198A-021H-4-0.8,190.8,59.8,26.8,53.31,-0.05,9.15
194-1193A-035X-1-0.04,190.84,34.6,12.0,53.64,-0.96,5.22
194-1193A-035X-1-0.04,190.84,34.6,12.0,53.64,-0.96,5.22
342-U1404A-021H-7-0.16,190.86,66.4,36.88,45.5,-0.2,-0.2
194-1194B-010R-4-0.56,191.07,48.9,18.8,54.39,-1.06,7.65
194-1192B-004H-7-0.2,191.1,53.0,25.4,64.65,-0.93,7.27
342-U1409A-024X-2-0.4,191.1,50.4,7.34,79.7,9.8,8.7
342-U1405A-021H-4-0.38,191.18,79.4,19.07,45.1,0.3,0.2
194-1195B-021H-2-0.8,191.2,52.9,24.6,57.37,-0.47,13.02
359-U1468A-030F-3-0.74,191.44,49.1,13.621,48.1,2.2,8.2
342-U1406A-022H-1-0.38,191.58,55.2,14.8,64.6,0.1,0.6
342-U1407A-023X-6-0.37,191.77,57.0,4.19,53.5,14.5,-16.5
359-U1466A-027F-3-0.65,191.84,54.0,20.538,56.4,2.9,10.7
359-U1471A-021H-5-0.77,191.87,53.7,29.104,43.3,1.7,3.1
342-U1410A-021X-3-0.38,191.92,56.2,23.97,60.0,-0.6,-1.6
342-U1408A-021X-7-0.15,191.95,55.2,25.37,59.0,0.0,-0.7
342-U1408A-022X-3-0.35,192.15,55.3,24.51,53.4,-0.5,1.0
194-1198A-021H-5-0.8,192.3,59.3,22.0,52.41,0.08,8.82
342-U1409A-024X-3-0.28,192.48,51.6,8.96,76.4,8.4,9.6
342-U1405A-021H-5-0.25,192.52,78.5,24.06,48.8,-1.1,2.2
359-U1467B-022H-5-0.75,192.65,58.8,20.871,51.3,1.1,6.9
317-U1353B-038H-CC-0.14,192.79,39.5,63.879,48.4,-0.6,-0.4
342-U1404A-022H-2-0.28,192.98,66.2,35.1,41.8,0.3,0.5
342-U1406A-022H-2-0.38,193.04,55.7,20.88,60.2,-0.9,1.4
317-U1352B-022H-3-1.14,193.34,47.0,49.856,46.0,0.4,-1.7
342-U1410A-021X-4-0.42,193.42,56.4,23.01,52.5,-1.7,0.9
342-U1410A-021X-4-0.42,193.42,56.4,23.01,52.5,-1.7,0.9
359-U1466A-028F-1-0.71,193.61,52.1,21.681,54.0,2.6,7.1
359-U1466A-028F-1-0.71,193.61,52.1,21.681,54.0,2.6,7.1
317-U1353B-039H-1-0.7,193.7,43.5,74.135,40.7,0.0,-1.6
342-U1405A-021H-6-0.2,193.72,79.1,22.15,42.8,-0.2,0.9
342-U1408A-022X-4-0.44,193.74,53.7,28.47,55.6,0.5,-1.2
342-U1408A-022X-4-0.44,193.74,53.7,28.47,55.6,0.5,-1.2
194-1198A-021H-6-0.8,193.8,59.0,33.0,51.2,0.24,9.2
194-1198A-021H-6-0.8,193.8,59.0,33.0,51.2,0.24,9.2
342-U1407A-024X-1-0.32,193.82,55.3,6.06,65.0,8.3,3.8
342-U1404A-022H-3-0.13,193.93,64.1,37.83,51.8,-0.9,-1.1
342-U1409A-024X-4-0.31,194.01,52.1,9.61,80.8,6.0,3.5
194-1195B-021H-4-0.8,194.2,58.2,23.8,58.35,-0.44,11.68
359-U1471A-021H-7-0.43,194.2,54.9,19.946,48.8,1.2,9.8
194-1198A-021H-7-0.2,194.4,59.2,31.0,51.26,0.2,9.76
342-U1406A-022H-3-0.38,194.54,54.9,20.13,66.6,0.2,-2.1
359-U1468A-031F-2-0.74,194.64,47.1,14.478,51.6,2.2,8.7
317-U1353B-039H-2-0.7,194.76,40.8,68.908,46.7,-0.3,-1.1
342-U1410A-021X-5-0.41,194.78,56.5,22.02,55.1,-1.0,0.5
342-U1410A-021X-5-0.41,194.78,56.5,22.02,55.1,-1.0,0.5
359-U1466A-028F-2-0.69,195.09,53.4,17.548,54.0,2.8,11.0
342-U1408A-022X-5-0.36,195.16,55.5,26.17,54.0,-0.3,-0.1
342-U1407A-024X-2-0.27,195.27,51.9,7.73,57.4,7.8,0.6
342-U1404A-023H-1-0.38,195.28,62.9,37.77,40.2,-3.1,4.0
342-U1409A-024X-5-0.22,195.42,48.6,8.53,76.9,8.5,4.6
359-U1471A-022H-1-1.04,195.64,57.0,19.194,45.1,1.3,9.0
194-1195B-021H-5-0.8,195.7,50.1,20.0,56.11,-1.11,8.89
194-1198A-022H-1-0.8,195.8,56.9,26.4,47.87,0.06,8.1
342-U1406A-022H-4-0.38,196.04,54.3,19.12,66.6,0.9,-1.7
342-U1403A-023X-1-1.29,196.09,70.8,25.44,50.2,9.7,24.1
342-U1410A-021X-6-0.45,196.32,54.7,22.27,59.3,-1.6,0.3
317-U1352B-022H-5-1.14,196.34,47.7,47.67,50.2,-0.2,-0.8
317-U1352B-022H-5-1.14,196.34,47.7,47.67,50.2,-0.2,-0.8
359-U1466A-028F-3-0.53,196.44,54.8,16.936,55.3,2.6,12.2
194-1198B-001R-1-0.77,196.47,59.2,27.6,41.94,0.28,4.86
342-U1405A-022H-1-0.38,196.58,78.5,16.31,43.2,-0.8,0.2
342-U1408A-022X-6-0.35,196.67,54.9,22.39,56.3,-0.2,-0.8
342-U1403A-023X-2-0.43,196.73,69.8,26.62,45.9,10.0,23.6
359-U1468A-031F-4-0.25,196.76,48.7,13.154,38.0,1.8,2.3
342-U1404A-023H-2-0.38,196.78,60.9,41.65,45.6,-2.0,0.2
342-U1407A-024X-3-0.42,196.92,50.5,8.56,60.4,7.0,7.9
342-U1411B-023X-1-0.38,196.98,56.4,34.18,55.2,0.9,-2.7
317-U1353B-040H-1-0.7,197.1,43.3,69.312,38.3,-0.4,-1.1
194-1194B-011R-1-0.74,197.14,47.0,17.6,48.36,-0.08,9.29
194-1198A-022H-2-0.8,197.3,58.7,29.4,46.97,0.35,8.16
342-U1406A-022H-5-0.38,197.54,55.4,30.96,71.7,0.4,-1.6
194-1195B-021H-6-1.2,197.6,58.2,24.6,61.62,-0.3,10.43
359-U1467B-023H-2-0.74,197.64,56.6,21.978,51.5,1.6,2.1
342-U1410A-021X-7-0.41,197.78,55.1,27.17,55.5,-0.4,-1.4
359-U1468A-032F-1-0.74,197.84,50.0,15.004,51.9,2.0,10.4
194-1198B-001R-2-0.75,197.89,56.8,29.8,50.75,0.23,8.24
342-U1408A-022X-7-0.17,197.99,55.3,26.91,51.6,0.1,-0.4
342-U1405A-022H-2-0.38,198.08,77.7,19.24,45.6,0.5,0.5
342-U1405A-022H-2-0.38,198.08,77.7,19.24,45.6,0.5,0.5
342-U1407A-024X-4-0.27,198.27,47.5,13.21,52.2,5.7,11.5
342-U1404A-023H-3-0.38,198.28,59.7,42.29,51.8,-1.4,-0.6
359-U1466A-029F-1-0.75,198.35,51.2,21.941,56.5,2.2,12.0
359-U1471A-022H-3-0.84,198.44,53.7,25.504,49.4,1.5,7.5
342-U1411B-023X-2-0.38,198.48,50.1,36.81,45.4,-1.5,2.9
342-U1403A-023X-3-0.75,198.55,66.9,28.55,21.2,7.7,26.4
342-U1406A-022H-6-0.15,198.61,54.5,23.45,70.0,1.0,-1.4
194-1198B-001R-3-0.41,198.64,61.6,25.4,49.03,0.28,9.0
317-U1352B-022H-7-0.49,198.69,49.7,35.497,41.6,0.2,0.4
317-U1352B-022H-7-0.49,198.69,49.7,35.497,41.6,0.2,0.4
194-1198A-022H-3-0.8,198.8,57.0,34.6,52.78,0.22,6.01
317-U1353B-040H-2-0.98,198.91,42.0,67.921,40.8,-1.3,0.8
317-U1353B-040H-2-0.98,198.91,42.0,67.921,40.8,-1.3,0.8
342-U1408A-023X-1-0.51,199.01,54.5,25.34,57.2,0.4,-1.6
194-1196B-036Z-1-0.04,199.04,8.8,15.6,61.97,3.04,13.26
194-1195B-022H-1-0.74,199.14,54.6,17.2,55.43,-0.92,10.03
317-U1352B-023H-1-0.45,199.15,49.7,41.847,48.7,0.1,0.1
342-U1410A-022X-1-0.35,199.35,55.1,24.26,56.9,-1.0,0.4
342-U1403A-023X-4-0.25,199.45,67.1,26.82,47.6,12.0,23.5
342-U1409A-026X-1-0.2,199.5,49.0,11.97,68.5,1.6,3.9
342-U1405A-022H-3-0.38,199.58,77.5,19.05,39.7,0.6,2.0
342-U1406A-023H-1-0.38,199.68,54.9,19.82,66.1,0.5,-0.8
342-U1404A-023H-4-0.38,199.78,59.0,40.73,49.5,-0.9,4.5
359-U1470B-005R-2-0.3,199.78,49.1,28.997,53.8,4.1,6.3
317-U1351B-025X-1-0.595,199.8,44.0,57.993,38.9,-0.9,-2.5
359-U1466A-029F-2-0.71,199.81,53.3,21.514,59.6,2.3,14.1
317-U1352B-023H-1-1.14,199.84,48.0,33.32,43.0,0.4,-0.2
342-U1411B-023X-3-0.38,199.98,52.1,37.59,38.0,0.2,1.3
194-1198A-022H-4-0.8,200.3,58.4,37.0,53.14,0.22,9.78
342-U1408A-023X-2-0.41,200.41,54.4,24.07,52.5,0.3,-0.8
359-U1467B-023H-4-0.76,200.66,56.0,19.931,49.1,1.1,8.4
194-1195B-022H-2-0.8,200.7,55.8,20.8,55.58,-0.33,7.95
194-1195B-022H-2-0.8,200.7,55.8,20.8,55.58,-0.33,7.95
342-U1403A-023X-5-0.12,200.72,63.6,23.67,49.3,8.2,18.6
359-U1468A-032F-3-0.7,200.8,49.8,16.158,43.8,2.0,5.1
342-U1410A-022X-2-0.38,200.88,54.6,23.85,64.2,-0.7,-1.4
342-U1405A-022H-4-0.38,201.08,77.9,18.88,42.0,-0.4,2.6
342-U1406A-023H-2-0.38,201.18,54.5,18.64,65.4,0.0,2.1
359-U1471A-022H-5-0.65,201.25,54.8,16.991,38.5,1.4,2.3
359-U1466A-029F-3-0.65,201.25,53.1,20.934,57.9,1.8,12.6
359-U1471A-022H-5-0.65,201.25,54.8,16.991,38.5,1.4,2.3
342-U1404A-023H-5-0.38,201.28,59.8,27.92,60.2,1.9,3.5
342-U1411B-023X-4-0.38,201.48,53.9,34.14,46.0,-0.7,0.5
194-1195B-022H-3-0.8,202.2,54.5,19.4,61.87,-0.82,11.19
317-U1353B-041H-1-0.85,202.25,37.5,29.114,33.6,0.4,-0.6
342-U1408A-023X-3-0.82,202.32,58.4,21.47,53.7,1.1,-1.2
342-U1410A-022X-3-0.38,202.38,55.8,24.83,54.2,-0.7,-1.6
342-U1403A-023X-6-0.43,202.53,57.9,21.62,52.5,4.8,11.6
359-U1468A-033F-1-0.74,202.54,49.5,14.818,55.0,2.2,10.3
342-U1405A-022H-5-0.38,202.58,79.3,18.01,48.3,1.0,-0.5
342-U1404A-023H-6-0.2,202.6,59.3,27.94,68.1,1.6,4.9
342-U1406A-023H-3-0.38,202.68,52.2,20.11,66.1,0.8,0.3
317-U1352B-023H-3-1.14,202.84,48.9,51.936,48.7,0.1,-1.3
342-U1411B-023X-5-0.38,202.98,52.8,37.25,36.2,-0.3,2.4
359-U1466A-030F-1-0.73,203.03,52.0,25.071,50.5,2.1,8.6
194-1198A-023X-1-0.2,203.2,29.8,35.8,28.67,0.2,0.6
342-U1408A-023X-4-0.37,203.37,54.1,21.26,57.5,0.1,-0.7
342-U1404A-023H-7-0.15,203.55,58.7,21.27,65.4,1.0,4.1
342-U1407A-025X-1-0.6,203.7,49.3,4.77,60.3,5.9,7.6
194-1195B-022H-4-0.8,203.7,53.1,25.6,58.04,-0.675,13.024999999999999
317-U1354C-018X-1-1.48,203.78,41.1,58.678,46.6,-1.8,0.6
342-U1410A-022X-4-0.35,203.85,52.9,32.72,57.6,-1.2,0.3
359-U1471A-022H-7-0.31,203.91,54.4,19.851,51.7,1.2,9.4
342-U1403A-023X-7-0.41,203.91,58.1,16.38,54.4,9.5,17.0
342-U1405A-022H-6-0.38,204.08,78.3,18.29,45.4,-0.2,-0.9
342-U1406A-023H-4-0.38,204.18,51.5,21.64,56.8,-0.1,3.3
317-U1352B-023H-4-1.14,204.34,44.6,50.68,40.2,0.3,-1.6
342-U1411B-023X-6-0.25,204.35,50.1,32.37,42.2,0.4,2.6
342-U1411B-023X-6-0.25,204.35,50.1,32.37,42.2,0.4,2.6
359-U1466A-030F-2-0.71,204.51,50.6,28.284,57.7,2.3,13.2
342-U1404A-024H-1-0.38,204.68,55.9,36.53,50.8,2.0,7.8
342-U1408A-023X-5-0.19,204.69,55.8,22.82,57.3,-0.4,-0.1
359-U1471A-023H-1-0.74,204.84,54.3,17.044,49.6,1.5,10.7
342-U1407A-025X-2-0.67,205.02,55.9,3.09,63.3,5.4,6.5
317-U1353B-043H-1-0.05,205.05,51.7,7.425,36.0,0.8,1.7
194-1195B-022H-5-0.8,205.2,63.3,21.0,57.78,-0.72,13.88
359-U1468A-033F-3-0.4,205.2,47.4,15.336,53.5,2.2,9.2
194-1193A-038X-1-0.03,205.23,44.7,12.0,53.64,-0.96,5.22
342-U1405A-022H-7-0.18,205.3,80.2,16.94,41.5,0.2,0.5
342-U1410A-022X-5-0.37,205.37,54.4,23.15,61.8,-0.9,-1.2
342-U1406A-023H-5-0.35,205.65,49.7,24.46,63.2,1.7,1.7
359-U1466A-030F-3-0.71,206.01,56.2,26.571,53.2,2.5,6.3
342-U1405A-023H-1-0.38,206.08,78.9,17.55,45.6,-0.2,-0.6
342-U1404A-024H-2-0.38,206.18,56.3,41.99,47.0,3.1,10.4
342-U1407A-025X-3-0.68,206.34,54.8,4.19,66.0,5.3,11.8
194-1194B-012R-1-0.52,206.52,46.8,26.2,51.59,-1.74,10.23
194-1194B-012R-1-0.52,206.52,46.8,26.2,51.59,-1.74,10.23
342-U1411B-024X-1-0.38,206.58,57.4,34.28,38.2,-0.6,4.0
342-U1408A-023X-6-0.62,206.62,54.9,25.34,59.1,-0.4,-0.9
194-1195B-022H-6-0.8,206.65,68.1,27.8,57.11,-1.16,12.68
317-U1352B-023H-6-0.49,206.69,47.8,34.12,37.0,0.9,-0.3
342-U1410A-022X-6-0.38,206.88,53.5,28.52,51.8,-0.9,1.2
342-U1410A-022X-6-0.38,206.88,53.5,28.52,51.8,-0.9,1.2
359-U1468A-034F-1-0.53,207.03,51.5,13.806,54.5,2.0,11.6
359-U1468A-034F-1-0.53,207.03,51.5,13.806,54.5,2.0,11.6
342-U1406A-023H-6-0.35,207.15,50.1,27.52,62.1,1.8,3.4
317-U1352B-023H-6-1.08,207.28,47.4,56.9,41.7,0.1,-1.8
359-U1467B-024H-2-1.04,207.44,56.6,22.62,50.7,0.7,8.4
342-U1405A-023H-2-0.38,207.58,77.6,19.79,40.6,0.0,-1.1
342-U1404A-024H-3-0.38,207.68,57.8,42.55,48.9,3.4,13.7
359-U1466A-031F-1-0.75,207.75,46.4,22.604,55.7,2.4,8.5
359-U1466A-031F-1-0.75,207.75,46.4,22.604,55.7,2.4,8.5
359-U1471A-023H-3-0.75,207.85,52.6,18.381,42.9,1.2,3.9
342-U1411B-024X-2-0.38,208.08,53.9,35.53,47.8,0.3,-0.6
342-U1410A-022X-7-0.11,208.11,50.7,24.12,60.9,-0.4,-1.7
342-U1408A-024X-1-0.31,208.41,58.5,25.92,52.7,-1.1,0.8
359-U1470B-006R-1-0.81,208.51,32.0,29.661,53.1,5.5,7.5
194-1195B-023X-1-0.8,208.7,67.4,23.6,55.18,-0.66,11.78
342-U1405A-023H-3-0.38,209.08,79.6,17.27,47.4,-0.3,-1.0
342-U1404A-024H-4-0.38,209.18,53.8,33.99,66.3,1.5,1.5
359-U1466A-031F-2-0.74,209.24,49.9,23.701,,2.4,10.9
342-U1410A-023X-1-0.83,209.33,51.1,32.16,66.3,-0.5,-2.6
342-U1410A-023X-1-0.83,209.33,51.1,32.16,66.3,-0.5,-2.6
317-U1352B-024H-1-1.14,209.34,43.5,50.366,50.0,-0.1,-0.7
359-U1468A-034F-3-0.68,209.39,54.0,16.721,51.7,1.7,11.7
342-U1411B-024X-3-0.38,209.58,53.4,36.49,42.5,1.1,-1.3
342-U1408A-024X-2-0.1,209.7,54.9,22.49,56.2,-0.2,0.0
359-U1467B-024H-4-0.73,210.13,58.0,26.791,43.7,0.8,8.1
194-1195B-023X-2-0.8,210.2,64.7,21.0,42.15,-0.04,6.44
342-U1410A-023X-2-0.47,210.47,49.2,14.85,80.2,0.1,-3.3
342-U1405A-023H-4-0.38,210.58,78.7,17.78,44.9,0.3,0.6
342-U1405A-023H-4-0.38,210.58,78.7,17.78,44.9,0.3,0.6
359-U1466A-031F-3-0.62,210.62,49.3,23.408,56.7,2.5,9.8
342-U1404A-024H-5-0.32,210.62,56.9,34.33,56.8,1.7,7.2
342-U1403A-025X-1-0.93,210.63,60.2,15.34,50.3,0.9,5.8
194-1193A-039X-1-0.68,210.68,51.7,18.2,62.79,0.36,10.99
359-U1471A-023H-5-0.74,210.84,54.2,35.274,50.9,1.3,10.0
342-U1411B-024X-4-0.38,211.08,54.4,37.4,39.1,0.4,1.9
342-U1408A-024X-3-0.41,211.51,55.8,23.68,47.2,-0.4,-0.2
342-U1403A-025X-2-0.62,211.82,56.3,15.65,47.9,2.7,17.7
342-U1410A-023X-3-0.35,211.85,54.5,10.28,83.9,0.9,-5.0
359-U1468A-035F-1-0.73,211.93,51.3,21.918,46.7,1.6,9.1
342-U1404A-024H-6-0.22,212.02,56.2,43.84,56.0,0.2,5.5
342-U1405A-023H-5-0.38,212.08,78.3,18.35,48.9,1.1,-0.6
317-U1352B-024H-3-1.14,212.34,49.3,50.663,39.8,0.8,-3.0
359-U1466A-032F-1-0.74,212.44,48.6,24.694,56.4,2.8,9.8
359-U1467B-024H-6-0.22,212.62,58.8,21.851,47.6,1.2,8.0
359-U1467B-024H-6-0.22,212.62,58.8,21.851,47.6,1.2,8.0
194-1192A-026H-1-0.8,212.8,58.2,22.0,55.44,-0.41,11.74
194-1192A-026H-1-0.8,212.8,58.2,22.0,55.44,-0.41,11.74
342-U1408A-024X-4-0.44,213.04,54.3,22.73,60.5,-0.1,-1.8
342-U1408A-024X-4-0.44,213.04,54.3,22.73,60.5,-0.1,-1.8
342-U1404A-025H-1-0.38,213.18,54.1,42.91,49.0,3.4,10.9
342-U1404A-025H-1-0.38,213.18,54.1,42.91,49.0,3.4,10.9
317-U1354C-019X-1-1.48,213.28,42.7,59.858,49.6,-1.3,1.0
359-U1471A-023H-7-0.31,213.41,55.2,23.654,49.8,1.6,9.8
342-U1410A-023X-4-0.43,213.43,50.3,17.29,66.4,-0.2,-2.5
194-1196B-039Z-1-0.47,213.57,14.2,15.6,61.97,3.04,13.26
342-U1405A-023H-6-0.38,213.58,79.5,18.36,35.8,-0.4,1.4
194-1192A-026H-2-0.2,213.7,53.0,28.6,56.59,-0.8,10.18
342-U1403A-025X-3-1.16,213.86,63.3,28.06,45.2,10.1,10.9
359-U1466A-032F-2-0.69,213.89,47.6,20.098,56.5,2.7,11.9
359-U1468A-035F-3-0.52,214.0,49.5,22.093,52.2,2.4,10.5
359-U1471A-024H-1-0.75,214.35,52.5,25.248,53.4,1.6,9.1
359-U1471A-024H-1-0.75,214.35,52.5,25.248,53.4,1.6,9.1
342-U1408A-024X-5-0.35,214.45,55.4,27.14,50.8,-1.1,1.5
342-U1404A-025H-2-0.38,214.68,57.0,41.53,52.5,1.3,7.6
342-U1410A-023X-5-0.38,214.88,53.1,6.93,71.4,1.3,2.1
342-U1403A-025X-4-0.72,214.92,59.3,23.91,50.2,8.2,18.1
359-U1466A-032F-3-0.61,215.31,58.2,19.218,58.1,2.8,12.4
359-U1466A-032F-3-0.61,215.31,58.2,19.218,58.1,2.8,12.4
317-U1352B-024H-5-1.14,215.34,48.2,49.666,42.2,0.4,-2.6
342-U1403A-026X-1-1.06,215.56,62.3,32.11,40.4,14.0,30.5
342-U1405A-024H-1-0.38,215.58,77.8,16.92,41.1,-0.6,0.5
342-U1404A-025H-3-0.38,216.18,57.3,46.68,47.5,1.4,10.5
194-1192A-026H-3-1.2,216.2,59.0,22.8,56.38,-0.22,11.16
342-U1411B-025X-1-0.43,216.23,54.3,32.39,32.3,1.7,2.0
342-U1403A-025X-5-0.68,216.38,60.8,27.03,52.4,10.1,11.2
342-U1410A-023X-6-0.41,216.41,57.2,6.73,77.2,0.2,-3.5
359-U1467B-025H-2-0.74,216.64,56.9,16.494,48.9,1.2,6.7
342-U1403A-026X-2-0.83,216.83,56.9,22.61,58.0,11.4,17.4
359-U1468A-037F-1-0.79,216.99,51.4,26.224,41.5,2.1,2.1
317-U1353B-045H-1-0.91,217.01,40.7,64.687,44.0,-0.9,0.9
342-U1405A-024H-2-0.38,217.08,77.1,18.79,40.2,-0.1,0.9
359-U1466A-033F-1-0.75,217.15,56.1,20.394,52.1,2.5,10.0
342-U1403A-025X-6-0.1,217.3,56.3,29.07,59.9,0.6,7.6
359-U1471A-024H-3-0.8,217.4,56.0,41.424,51.0,1.8,9.3
359-U1470B-007R-1-0.16,217.56,15.9,18.999,50.6,5.2,5.0
342-U1404A-025H-4-0.29,217.59,57.1,42.48,52.6,0.4,5.2
342-U1411B-025X-2-0.38,217.68,53.0,34.63,41.1,0.1,1.0
317-U1353B-045H-2-0.1,217.7,40.6,62.409,44.0,-0.8,1.1
342-U1410A-023X-7-0.29,217.79,53.5,8.0,76.7,0.4,0.3
317-U1352B-024H-7-0.69,217.89,47.5,35.978,36.3,1.3,-1.7
194-1195B-024X-1-0.5,218.0,67.6,19.4,43.94,-0.29,8.24
194-1195B-024X-1-0.5,218.0,67.6,19.4,43.94,-0.29,8.24
342-U1408A-025X-1-0.36,218.06,56.6,26.23,54.8,-0.6,0.1
342-U1406A-026X-1-0.38,218.08,50.3,18.11,63.6,2.1,6.0
342-U1406A-026X-1-0.38,218.08,50.3,18.11,63.6,2.1,6.0
342-U1403A-026X-3-0.8,218.3,59.3,13.76,71.6,0.1,4.0
342-U1403A-026X-3-0.8,218.3,59.3,13.76,71.6,0.1,4.0
342-U1410A-024X-1-0.42,218.42,55.9,4.79,83.7,1.1,-1.6
342-U1405A-024H-3-0.38,218.58,78.8,18.66,46.0,-0.1,-0.6
359-U1466A-033F-2-0.74,218.64,46.1,21.081,52.4,3.0,12.6
194-1192A-026H-5-0.8,218.8,60.6,24.6,55.77,-0.42,9.93
342-U1404A-025H-5-0.09,218.89,58.2,41.09,51.6,2.2,9.9
317-U1351B-027X-1-0.745,219.14,43.0,62.038,47.3,-0.9,-0.8
342-U1411B-025X-3-0.38,219.18,55.5,31.78,50.9,0.0,2.5
359-U1468A-037F-3-0.43,219.22,45.7,27.326,49.2,2.0,12.1
342-U1403A-026X-4-0.4,219.4,61.3,15.05,60.2,10.5,20.2
342-U1406A-026X-2-0.38,219.58,48.6,17.81,63.1,0.9,4.2
359-U1467B-025H-4-0.78,219.68,58.0,14.738,46.5,1.0,7.0
359-U1467B-025H-4-0.78,219.68,58.0,14.738,46.5,1.0,7.0
342-U1408A-025X-2-0.51,219.71,54.3,28.18,55.0,-0.5,-1.0
194-1195B-024X-2-0.8,219.8,61.6,18.2,49.97,-0.36,7.37
317-U1352B-025H-2-0.7,219.9,39.3,46.058,42.6,0.4,-2.2
342-U1410A-024X-2-0.43,219.93,57.4,4.83,83.7,0.4,-3.0
359-U1466A-033F-3-0.61,220.01,57.5,20.671,50.9,3.1,6.2
359-U1466A-033F-3-0.61,220.01,57.5,20.671,50.9,3.1,6.2
342-U1405A-024H-4-0.38,220.08,78.7,19.26,38.0,-0.6,2.8
317-U1352B-025H-2-0.92,220.12,42.2,49.075,46.6,-0.2,-1.8
194-1192A-026H-6-0.8,220.3,58.1,20.0,45.35,-0.2,8.48
194-1193A-041X-1-0.8,220.4,42.2,28.8,44.38,-1.36,5.36
359-U1471A-024H-5-0.99,220.59,51.8,26.767,48.0,1.6,9.7
317-U1351B-027X-2-0.745,220.64,43.8,61.998,46.9,-1.4,0.1
342-U1411B-025X-4-0.38,220.68,54.8,33.76,44.4,-0.5,1.7
342-U1411B-025X-4-0.38,220.68,54.8,33.76,44.4,-0.5,1.7
342-U1406A-026X-3-0.12,220.82,48.3,17.04,70.6,1.1,2.3
342-U1404A-026H-1-0.38,220.88,58.9,46.89,50.2,1.4,7.3
194-1192A-026H-7-0.2,221.2,58.0,23.4,59.44,-0.3,10.42
342-U1403A-026X-5-0.72,221.22,54.6,18.42,65.1,8.7,21.2
317-U1353B-046H-2-0.22,221.28,42.7,52.766,41.2,-1.0,1.9
342-U1405A-024H-5-0.17,221.37,74.7,21.45,38.2,-1.4,4.0
342-U1410A-024X-3-0.43,221.43,55.5,5.18,84.4,0.8,-2.2
194-1195B-024X-3-0.94,221.44,62.8,19.6,49.2,-0.44,7.21
194-1193A-041X-2-0.4,221.5,44.2,31.6,45.69,-0.87,6.74
342-U1408A-025X-3-0.81,221.51,52.2,23.71,57.7,-1.6,-0.3
359-U1466A-034F-1-0.74,221.84,49.2,21.828,48.5,3.3,12.0
342-U1411B-025X-5-0.11,221.91,51.0,34.22,43.7,0.7,1.7
342-U1403A-026X-6-0.09,222.09,54.9,22.33,60.4,6.7,18.7
342-U1405A-024H-6-0.38,222.29,76.2,22.01,47.6,0.3,-0.4
194-1192A-027H-1-0.8,222.3,58.9,22.4,57.489999999999995,-0.42000000000000004,11.085
359-U1467B-025H-6-0.46,222.36,57.9,17.015,48.2,1.4,5.1
342-U1404A-026H-2-0.38,222.38,57.4,46.85,53.1,0.4,3.3
342-U1408A-025X-4-0.19,222.39,50.7,26.89,60.0,-0.6,-1.5
317-U1353B-046H-3-0.22,222.78,42.3,57.826,34.9,-0.4,1.1
342-U1410A-024X-4-0.29,222.79,56.3,4.92,79.3,,-2.8
194-1195B-024X-4-0.8,222.8,64.4,18.2,54.96,-0.53,10.61
317-U1352B-025H-4-0.7,222.9,47.2,51.525,44.5,-0.4,-1.7
317-U1352B-025H-4-0.7,222.9,47.2,51.525,44.5,-0.4,-1.7
359-U1468A-038F-2-0.52,222.92,50.5,24.106,52.1,2.4,13.1
359-U1471A-024H-7-0.38,222.98,58.6,21.424,48.7,1.4,10.4
342-U1407A-027X-1-0.77,223.07,59.2,3.56,58.9,5.4,8.2
342-U1406A-027X-1-0.38,223.18,50.5,21.21,63.2,0.9,0.1
359-U1466A-034F-2-0.74,223.33,51.7,20.491,52.9,2.7,11.0
317-U1351B-027X-4-0.535,223.44,41.8,58.993,43.0,-1.3,0.3
342-U1403A-026X-7-0.25,223.51,54.1,10.27,59.9,9.0,23.7
342-U1405A-024H-7-0.25,223.62,75.9,19.54,40.2,-0.8,2.3
194-1196B-042Z-1-0.24,223.74,33.0,15.6,61.97,3.04,13.26
194-1196B-042Z-1-0.24,223.74,33.0,15.6,61.97,3.04,13.26
359-U1471A-025H-1-0.7,223.8,55.6,19.934,48.6,1.6,11.3
194-1195B-024X-5-0.36,223.86,61.4,22.8,61.09,-0.75,9.88
342-U1404A-026H-3-0.38,223.88,51.1,40.45,55.6,1.0,3.4
194-1192A-027H-2-0.9,223.9,55.1,23.0,28.95,0.14,6.51
342-U1408A-025X-5-0.23,223.93,50.4,19.87,61.5,-0.2,-1.8
359-U1466A-034F-3-0.22,224.14,49.0,20.874,54.6,2.8,10.4
359-U1466A-034F-3-0.22,224.14,49.0,20.874,54.6,2.8,10.4
342-U1410A-024X-5-0.37,224.37,52.3,5.36,82.4,2.3,-1.0
342-U1403A-027X-1-0.21,224.41,56.0,11.4,62.1,9.0,20.2
342-U1406A-027X-2-0.38,224.68,47.8,16.36,66.1,0.5,1.0
342-U1407A-027X-2-0.93,224.73,66.3,3.85,64.5,5.5,6.4
342-U1405A-025H-1-0.38,225.08,75.2,19.07,38.2,-0.6,4.0
317-U1351B-027X-5-0.695,225.1,39.5,57.165,38.6,-1.0,0.6
194-1195B-024X-6-0.2,225.2,62.9,,58.7,-0.57,11.14
194-1192A-027H-3-0.8,225.3,52.7,25.6,33.35,0.09,5.23
194-1192A-027H-3-0.8,225.3,52.7,25.6,33.35,0.09,5.23
342-U1404A-026H-4-0.38,225.38,58.2,43.32,48.5,1.1,8.6
342-U1408A-025X-6-0.24,225.44,51.1,24.05,84.3,0.8,-4.9
342-U1411B-026X-1-0.38,225.78,51.4,34.64,42.3,-0.3,-1.1
317-U1352B-025H-6-0.7,225.9,49.8,47.618,44.0,0.6,-1.1
317-U1351B-027X-6-0.435,225.94,42.3,66.504,45.8,-2.1,1.2
342-U1410A-024X-6-0.44,225.94,43.5,4.88,71.4,1.0,-1.5
317-U1351B-027X-6-0.435,225.94,42.3,66.504,45.8,-2.1,1.2
317-U1353B-047H-1-0.21,226.01,34.0,9.058,29.6,1.2,-2.2
342-U1407A-027X-3-0.73,226.03,53.3,5.49,62.9,6.1,8.5
359-U1467B-026H-2-0.67,226.07,60.2,26.428,47.2,1.4,6.1
342-U1406A-027X-3-0.38,226.18,48.7,19.86,64.7,0.9,0.8
359-U1466A-035F-1-0.61,226.41,49.8,19.498,42.2,2.4,7.3
342-U1408A-025X-7-0.24,226.44,49.1,13.96,69.5,-0.1,-3.1
359-U1468A-039X-1-0.85,226.45,49.0,23.207,40.8,1.9,4.8
342-U1405A-025H-2-0.38,226.58,75.2,22.23,37.5,-1.6,2.5
342-U1404A-026H-5-0.25,226.75,59.5,43.13,44.9,-1.0,5.9
359-U1471A-025H-3-0.69,226.79,54.6,19.411,45.6,1.8,7.9
194-1192A-027H-4-0.8,226.8,51.4,20.4,28.17,0.08,4.28
342-U1403A-027X-2-1.28,226.98,56.7,14.1,59.4,8.2,22.3
342-U1403A-027X-2-1.28,226.98,56.7,14.1,59.4,8.2,22.3
342-U1411B-026X-2-0.38,227.28,51.8,33.81,44.8,-0.4,-0.3
342-U1408A-026X-1-0.02,227.32,51.4,7.32,65.3,-1.5,-1.0
359-U1466A-035F-2-0.11,227.41,50.0,17.836,42.7,2.5,5.8
342-U1407A-027X-4-0.71,227.51,52.6,3.9,79.3,8.1,7.3
194-1195B-025X-1-0.53,227.63,56.3,20.2,56.4,-1.08,9.0
342-U1406A-027X-4-0.38,227.68,49.7,22.57,65.3,0.6,0.9
342-U1410A-025X-1-0.28,227.78,55.5,4.04,82.3,4.5,1.1
342-U1404A-026H-6-0.15,227.85,58.7,40.27,45.5,-0.8,4.6
317-U1352B-026H-1-0.7,227.9,44.9,53.312,46.7,-0.3,-1.3
342-U1403A-027X-3-0.73,227.93,57.2,12.96,46.8,7.7,24.2
342-U1405A-025H-3-0.38,228.08,77.2,22.47,45.1,1.6,-0.9
342-U1408A-026X-2-0.49,228.48,47.2,8.71,68.8,-0.3,1.0
317-U1351B-028X-1-0.5,228.5,47.6,54.827,46.8,-1.5,0.4
342-U1411B-026X-3-0.38,228.78,50.4,32.49,52.6,0.9,-3.2
359-U1466A-035F-3-1.12,228.82,50.9,19.779,51.1,2.4,11.1
359-U1466A-035F-3-1.12,228.82,50.9,19.779,51.1,2.4,11.1
342-U1404A-027H-1-0.38,228.98,59.8,39.62,49.9,-1.4,0.5
317-U1353B-048H-1-0.34,229.14,43.9,5.792,33.2,0.2,-0.6
342-U1406A-027X-5-0.38,229.18,50.5,20.87,59.2,-0.4,3.2
359-U1467B-026H-4-0.8,229.2,57.6,13.784,51.4,1.0,7.6
359-U1467B-026H-4-0.8,229.2,57.6,13.784,51.4,1.0,7.6
342-U1407A-027X-5-1.0,229.3,54.4,4.78,78.5,5.2,5.7
194-1195B-025X-2-0.8,229.4,66.3,16.6,60.14,-0.54,11.38
342-U1405A-025H-4-0.38,229.58,74.9,23.01,45.5,-0.2,0.0
342-U1403A-027X-4-0.93,229.63,54.9,12.97,57.1,7.7,19.1
359-U1471A-025H-5-0.68,229.78,54.7,23.138,37.9,1.4,5.1
342-U1408A-026X-3-0.45,229.94,53.5,16.05,60.6,-1.3,6.3
342-U1407A-027X-6-0.18,229.98,51.5,8.98,80.1,0.6,-0.9
194-1193A-043X-1-0.8,230.0,39.5,31.6,48.51,-1.3,4.51
317-U1351B-028X-2-0.5,230.0,45.1,56.927,45.2,-1.3,0.5
342-U1411B-026X-4-0.38,230.28,50.2,32.03,47.2,0.8,-2.5
342-U1404A-027H-2-0.38,230.48,56.9,42.59,47.9,-1.4,1.9
342-U1406A-027X-6-0.38,230.68,51.8,21.95,52.0,-0.8,2.2
194-1195B-025X-3-0.8,230.9,55.3,19.2,57.97,-0.89,11.82
342-U1405A-025H-5-0.38,231.08,74.1,23.46,41.1,-1.3,2.6
342-U1403A-027X-5-0.94,231.14,59.9,11.28,50.3,7.2,17.8
317-U1352B-026H-3-1.09,231.21,46.8,52.606,50.2,0.0,-2.2
359-U1466A-037X-1-0.69,231.29,42.8,24.924,48.5,2.7,5.7
317-U1351B-028X-3-0.5,231.5,43.0,59.71,38.2,-1.6,0.4
194-1193A-043X-2-0.8,231.5,55.7,28.6,45.3,-1.42,5.26
194-1192B-009X-2-0.7,231.6,55.2,19.6,57.23,0.11,11.79
342-U1408A-026X-4-0.62,231.61,52.5,4.74,80.6,2.5,0.5
342-U1406A-027X-7-0.24,231.76,54.4,19.25,62.5,-0.4,1.9
342-U1411B-026X-5-0.38,231.78,51.7,28.85,44.5,0.2,-0.6
342-U1404A-027H-3-0.38,231.98,58.9,45.79,52.6,-0.7,1.3
359-U1467B-026H-6-0.7,232.1,56.4,17.638,48.2,1.5,6.8
317-U1352B-026H-4-0.7,232.32,47.4,50.055,41.2,-0.1,-0.8
342-U1410A-025X-4-0.34,232.34,59.2,3.53,73.7,2.6,1.0
342-U1405A-025H-6-0.22,232.42,72.9,23.39,49.1,-0.5,0.0
359-U1471A-025H-7-0.39,232.49,61.3,42.461,51.3,1.9,3.8
194-1195B-025X-4-1.03,232.63,60.9,21.8,57.78,-0.67,9.01
342-U1406A-028X-1-0.3,232.7,52.2,25.89,61.5,-0.2,3.6
342-U1403A-027X-6-1.08,232.78,46.5,14.32,53.7,12.7,28.0
342-U1403A-027X-6-1.08,232.78,46.5,14.32,53.7,12.7,28.0
194-1192A-029H-1-0.8,232.8,52.8,32.4,54.91,-0.12,10.4
194-1196B-044Z-1-0.01,232.91,31.6,15.6,61.97,3.04,13.26
317-U1351B-028X-4-0.5,233.0,43.4,58.25,44.8,-1.3,0.5
194-1192B-009X-3-0.8,233.2,52.9,18.6,53.17,0.0,9.14
194-1192B-009X-3-0.8,233.2,52.9,18.6,53.17,0.0,9.14
342-U1407A-028X-1-1.32,233.22,49.5,7.42,77.4,4.6,-8.0
342-U1411B-026X-6-0.38,233.28,51.7,31.57,49.4,0.1,-1.9
342-U1404A-027H-4-0.31,233.41,58.8,42.23,49.0,0.1,0.0
359-U1471A-026H-1-0.84,233.44,60.6,37.067,47.0,1.5,8.2
342-U1405A-025H-7-0.15,233.47,73.8,22.1,40.9,-0.7,0.7
342-U1407A-028X-2-0.34,233.74,55.4,7.77,80.4,0.7,-3.9
359-U1468A-040X-1-0.42,233.82,46.4,24.086,51.5,2.3,9.8
194-1195B-025X-5-0.8,233.9,66.4,17.4,55.6,-0.55,10.02
194-1195B-025X-5-0.8,233.9,66.4,17.4,55.6,-0.55,10.02
317-U1354C-021X-2-1.48,233.98,40.6,58.927,48.6,-1.0,1.1
342-U1406A-028X-2-0.26,234.16,54.9,23.53,58.6,-0.5,6.9
194-1192A-029H-2-0.8,234.3,56.9,23.8,58.25,-0.34,9.86
342-U1411B-026X-7-0.1,234.41,51.1,30.53,53.2,-0.5,-0.1
342-U1405A-026H-1-0.27,234.47,78.6,17.13,43.5,0.0,1.2
317-U1351B-028X-5-0.5,234.5,43.5,60.717,43.0,-1.3,0.5
194-1192B-009X-4-0.8,234.7,60.1,22.8,56.98,-0.17,10.22
194-1193A-044X-1-0.8,234.8,44.4,31.4,47.6,-1.68,3.6
342-U1404A-027H-5-0.38,234.98,60.7,43.39,51.4,0.1,1.4
342-U1403A-028X-1-1.1,235.0,48.8,7.28,61.7,7.9,12.5
317-U1352B-026H-6-0.58,235.2,46.4,49.207,45.6,-0.1,-0.9
342-U1411B-027X-1-0.21,235.21,51.3,34.37,51.7,0.1,-2.4
317-U1351B-028X-6-0.065,235.26,49.9,53.795,44.7,-1.7,0.6
342-U1407A-028X-3-0.36,235.26,49.2,6.12,77.3,-0.3,-2.6
194-1195B-025X-6-0.8,235.4,65.1,18.0,57.37,-0.91,9.84
359-U1467B-027H-2-0.61,235.51,52.6,15.291,49.2,0.9,6.6
342-U1406A-028X-3-0.29,235.69,52.1,23.8,54.2,0.2,5.0
194-1192A-029H-3-0.8,235.8,49.7,27.2,53.88,-0.66,8.07
342-U1405A-026H-3-0.3,235.83,74.1,22.93,45.8,-0.1,1.1
342-U1405A-026H-3-0.3,235.83,74.1,22.93,45.8,-0.1,1.1
194-1194B-015R-1-0.97,235.87,44.6,35.4,47.91,-1.88,3.91
194-1194B-015R-1-0.97,235.87,44.6,35.4,47.91,-1.88,3.91
342-U1411B-027X-2-0.1,236.13,49.4,34.32,52.5,-0.2,0.6
194-1192B-009X-5-0.8,236.2,56.4,28.8,53.18,-0.49,11.74
342-U1403A-028X-2-0.83,236.23,49.7,7.91,62.6,7.5,15.7
194-1193A-044X-2-0.8,236.3,51.5,26.2,44.15,-1.42,4.74
359-U1471A-026H-3-0.77,236.37,54.7,28.388,51.5,1.4,9.6
342-U1411B-027X-3-0.1,236.81,49.6,34.96,50.3,-0.2,0.7
342-U1404A-028H-1-0.38,236.88,63.2,37.29,45.1,-2.2,2.2
342-U1404A-028H-1-0.38,236.88,63.2,37.29,45.1,-2.2,2.2
342-U1407A-028X-4-0.54,236.94,54.8,8.96,71.4,0.3,-2.1
342-U1406A-028X-4-0.31,237.21,52.1,21.64,53.5,0.5,3.4
342-U1406A-028X-4-0.31,237.21,52.1,21.64,53.5,0.5,3.4
194-1192A-029H-4-0.8,237.3,50.7,19.2,59.56,-0.31,10.53
342-U1410A-026X-1-0.22,237.32,53.5,4.22,80.3,2.7,0.7
342-U1405A-026H-4-0.3,237.34,71.2,26.52,34.4,-1.7,2.7
194-1195B-026X-1-0.8,237.5,62.7,24.4,58.44,-1.11,8.48
194-1194B-015R-2-1.15,237.51,42.2,32.4,50.83,-1.16,6.56
342-U1403A-028X-3-0.63,237.53,51.8,12.0,57.8,8.2,16.5
342-U1408A-027X-1-0.79,237.69,53.2,4.62,78.1,5.9,3.4
194-1193A-044X-3-0.8,237.8,46.5,35.6,46.84,-1.35,4.18
194-1194B-015R-3-0.07,237.93,41.1,29.4,53.78,-1.47,6.8
342-U1405A-026H-5-0.3,238.33,74.8,22.44,38.4,-2.2,2.8
342-U1404A-028H-2-0.38,238.38,62.0,37.85,51.7,-0.9,1.2
342-U1411B-027X-4-0.35,238.47,52.7,19.32,45.9,1.8,8.6
317-U1351B-029X-1-1.0,238.5,42.8,63.5,45.2,-1.3,0.2
342-U1407A-028X-5-0.68,238.58,48.8,13.6,69.5,0.2,-1.1
194-1195B-026X-2-0.43,238.6,61.7,21.8,57.23,-1.48,7.76
342-U1406A-028X-5-0.3,238.7,52.9,21.43,54.9,-0.1,5.0
194-1192A-029H-5-0.8,238.8,53.8,27.0,53.2,-0.39,8.95
194-1193A-044X-4-0.4,238.9,51.5,31.4,46.38,-1.24,3.66
342-U1410A-026X-2-0.41,239.01,50.8,3.47,84.8,5.5,0.7
342-U1408A-027X-2-0.69,239.09,56.7,4.06,85.3,7.1,5.3
359-U1471A-026H-5-0.53,239.13,58.7,36.166,54.3,1.7,8.9
317-U1352B-027H-2-1.14,239.34,48.7,51.226,43.4,0.1,-1.5
359-U1466A-038X-1-0.74,239.34,49.9,24.171,46.3,2.4,7.7
342-U1407A-028X-6-0.35,239.35,44.4,10.68,68.6,-0.3,-1.1
342-U1403A-028X-4-0.95,239.35,58.7,10.1,61.6,7.1,12.9
194-1193A-045X-1-0.8,239.6,50.2,33.6,42.88,-1.66,5.46
342-U1411B-027X-5-0.21,239.82,50.2,31.53,57.2,0.4,-1.6
342-U1404A-028H-3-0.38,239.88,60.6,37.86,47.8,-0.8,1.9
317-U1351B-029X-2-1.0,240.0,44.2,64.07,43.2,-1.4,0.6
317-U1351B-029X-2-1.0,240.0,44.2,64.07,43.2,-1.4,0.6
342-U1406A-028X-6-0.27,240.17,52.7,17.9,,1.1,2.7
194-1192A-029H-6-0.8,240.3,56.2,24.6,50.69,-0.5,8.07
342-U1410A-026X-3-0.25,240.35,57.8,3.19,84.7,4.1,-0.2
359-U1467B-027H-5-1.0,240.4,56.0,12.49,53.2,1.5,4.1
194-1195B-026X-3-0.8,240.47,65.8,20.0,57.41,-1.39,9.8
342-U1405A-026H-7-0.3,240.73,73.8,26.37,44.8,-1.0,-0.1
342-U1408A-027X-3-0.84,240.74,54.2,3.78,63.3,4.6,2.8
359-U1466A-038X-2-0.7,240.8,49.0,24.558,31.9,2.7,2.7
342-U1403A-028X-5-0.93,240.83,56.5,12.87,52.5,12.9,28.1
194-1193A-045X-2-0.8,241.1,49.6,30.0,38.11,-1.33,4.63
317-U1353B-051H-1-0.22,241.12,38.3,30.152,34.8,0.8,-0.8
342-U1411B-027X-6-0.11,241.22,49.2,31.78,47.8,-1.4,3.2
342-U1404A-028H-4-0.33,241.33,61.7,38.57,50.2,-0.7,-0.2
194-1192B-010X-2-0.9,241.4,55.6,20.2,56.43,-0.71,12.68
342-U1406A-028X-7-0.3,241.46,50.9,22.97,62.5,0.8,2.5
194-1192A-029H-7-0.46,241.46,57.9,19.2,58.58,-0.05,10.62
317-U1351B-029X-3-1.0,241.5,44.0,64.9,40.7,-2.0,0.6
317-U1351B-029X-3-1.0,241.5,44.0,64.9,40.7,-2.0,0.6
342-U1403A-028X-6-0.14,241.54,56.0,14.23,53.9,10.4,23.7
317-U1352B-027H-4-0.49,241.69,43.4,42.787,32.8,0.8,-1.1
342-U1411B-027X-7-0.19,241.81,47.0,39.34,52.2,0.3,-0.4
342-U1410A-026X-4-0.25,241.85,54.8,3.48,86.9,4.0,0.3
194-1195B-026X-4-0.8,241.97,63.9,27.0,55.42,-1.21,8.36
342-U1407A-029X-1-0.48,241.98,48.5,7.96,77.9,1.2,-0.8
359-U1471A-026H-7-0.48,242.08,53.2,27.153,43.9,1.5,8.6
342-U1408A-027X-4-0.78,242.18,56.2,5.04,71.8,6.8,9.2
342-U1406A-029X-1-0.38,242.28,51.6,14.48,76.4,2.2,1.6
342-U1405A-027X-1-0.42,242.32,77.3,19.05,42.6,0.5,-0.4
194-1193A-045X-3-0.8,242.6,44.4,29.6,39.77,-1.02,3.98
342-U1404A-028H-5-0.3,242.8,60.1,37.49,42.9,-0.8,1.1
194-1195B-026X-5-0.2,242.87,62.6,32.0,55.32,-1.37,8.34
359-U1471A-027H-1-0.81,242.91,53.3,35.361,55.6,1.5,7.9
317-U1351B-029X-4-1.0,243.0,44.5,63.913,36.5,-1.9,0.6
342-U1410A-026X-5-0.17,243.27,57.3,5.68,78.9,6.3,7.1
342-U1407A-029X-2-0.36,243.36,46.9,7.78,73.7,1.7,2.7
342-U1407A-029X-2-0.36,243.36,46.9,7.78,73.7,1.7,2.7
317-U1354C-022X-2-1.48,243.48,41.6,45.057,40.4,-0.4,0.6
317-U1354C-022X-2-1.48,243.48,41.6,45.057,40.4,-0.4,0.6
317-U1352B-027H-5-0.83,243.53,47.9,36.681,44.1,0.1,1.3
342-U1408A-027X-5-0.73,243.63,57.4,4.63,62.7,7.2,9.6
342-U1406A-029X-2-0.38,243.78,51.0,15.22,74.0,4.7,6.1
342-U1406A-029X-2-0.38,243.78,51.0,15.22,74.0,4.7,6.1
194-1193A-045X-4-0.8,244.1,48.1,31.2,42.88,-1.45,6.66
194-1192B-010X-4-0.8,244.3,57.8,21.4,58.46,-0.59,8.81
194-1193A-046X-1-0.8,244.4,46.2,30.6,45.25,-0.99,6.13
194-1193A-046X-1-0.8,244.4,46.2,30.6,45.25,-0.99,6.13
317-U1353B-052H-2-0.05,244.45,40.4,54.485,46.0,-0.4,0.3
342-U1404A-029H-1-0.38,244.48,66.4,32.14,46.6,-1.1,1.4
317-U1351B-029X-5-1.0,244.5,41.9,65.45,43.5,-1.1,0.3
342-U1408A-027X-6-0.34,244.74,60.9,4.32,60.7,4.7,7.9
359-U1467B-028H-2-0.34,244.74,57.9,13.401,47.9,1.8,5.7
342-U1408A-027X-6-0.34,244.74,60.9,4.32,60.7,4.7,7.9
342-U1411B-028X-1-0.38,244.98,53.0,30.92,44.9,-1.0,1.8
342-U1410A-026X-6-0.41,245.01,47.1,5.63,78.9,6.0,5.0
317-U1352B-027H-6-0.84,245.04,48.7,25.448,42.7,0.0,1.0
342-U1407A-029X-3-0.54,245.04,48.0,9.91,68.0,3.2,7.5
194-1193A-045X-5-0.3,245.1,48.5,27.0,45.35,-0.96,6.7
342-U1406A-029X-3-0.38,245.28,56.5,16.53,75.6,5.7,6.0
342-U1405A-027X-3-0.38,245.28,75.1,22.045,41.7,0.3,-1.2
317-U1353B-053H-1-0.58,245.68,35.0,54.83,46.4,-0.4,0.4
317-U1353B-054H-1-0.09,245.89,36.3,51.718,47.5,-0.5,0.4
342-U1408A-027X-7-0.18,245.89,63.6,4.62,52.6,4.3,8.4
359-U1471A-027H-3-0.8,245.9,52.2,18.471,53.3,1.4,10.1
342-U1404A-029H-2-0.38,245.98,67.1,34.15,45.9,-0.7,0.7
317-U1351B-029X-6-1.0,246.0,41.4,68.633,40.4,-1.1,0.0
194-1193A-046X-2-1.06,246.16,42.6,34.2,50.03,-1.05,6.43
342-U1407A-029X-4-0.29,246.29,46.1,8.14,81.6,4.9,5.6
317-U1352B-028H-1-0.24,246.44,48.5,38.526,40.2,0.5,1.6
317-U1352B-028H-1-0.24,246.44,48.5,38.526,40.2,0.5,1.6
342-U1406A-029X-4-0.35,246.45,60.5,12.58,68.2,4.2,7.0
342-U1411B-028X-2-0.38,246.48,50.4,31.14,50.6,-0.1,0.0
359-U1470B-010R-CC-0.01,246.51,14.8,51.566,31.9,3.4,-2.4
342-U1405A-027X-4-0.2,246.6,75.8,20.47,36.7,-1.8,3.1
317-U1352B-028H-1-0.79,246.99,45.8,66.615,43.7,-0.6,-0.3
194-1195B-027X-1-0.8,247.1,61.8,22.6,58.04,-2.31,10.2
342-U1410A-027X-1-0.44,247.14,50.9,4.65,83.3,7.6,7.6
194-1193A-046X-3-0.68,247.28,44.3,44.6,53.06,-0.67,6.5
342-U1404A-029H-3-0.38,247.48,66.5,49.84,48.1,-1.3,2.6
317-U1351B-030X-1-0.65,247.75,37.5,37.442,35.6,0.6,-0.7
342-U1407A-029X-5-0.3,247.8,43.6,9.89,72.2,5.9,4.0
342-U1406A-029X-5-0.33,247.93,52.0,7.47,54.6,5.9,9.2
342-U1406A-029X-5-0.33,247.93,52.0,7.47,54.6,5.9,9.2
342-U1411B-028X-3-0.43,248.03,48.8,35.93,50.6,0.9,-1.7
194-1195B-027X-2-0.8,248.6,63.4,32.0,56.71,-2.76,10.42
359-U1471A-027H-5-0.61,248.71,53.2,20.281,50.1,1.6,9.4
342-U1410A-027X-2-0.54,248.74,47.2,4.83,52.9,5.8,8.6
342-U1404A-029H-4-0.38,248.98,70.3,36.03,41.8,0.3,2.9
194-1193A-046X-4-0.9,249.0,42.2,28.2,45.84,-0.09,7.43
194-1193A-046X-4-0.9,249.0,42.2,28.2,45.84,-0.09,7.43
317-U1351B-030X-2-0.57,249.17,44.4,48.12,33.5,0.6,-1.0
342-U1407A-029X-6-0.4,249.4,44.7,10.06,77.3,7.2,6.7
342-U1406A-029X-6-0.32,249.42,49.2,6.95,61.1,5.9,10.0
342-U1411B-028X-4-0.38,249.48,49.4,32.15,50.3,-0.7,2.5
317-U1353B-055H-2-0.97,249.61,40.9,49.104,42.4,-0.5,1.5
317-U1352B-028H-3-0.7,249.83,43.9,33.705,41.6,-0.1,3.3
194-1195B-027X-3-0.8,250.1,62.7,27.2,58.64,-3.12,10.17
342-U1410A-027X-3-0.47,250.17,49.6,3.57,81.4,8.9,8.5
342-U1404A-029H-5-0.38,250.48,64.6,44.22,43.1,-2.2,2.1
317-U1352B-028H-4-0.38,250.51,43.0,62.149,45.0,-1.3,1.5
317-U1351B-030X-3-0.7,250.8,41.7,46.898,34.8,0.1,-0.4
342-U1411B-028X-5-0.4,251.0,49.3,32.81,46.4,-0.6,2.8
342-U1407A-030X-1-0.38,251.48,44.6,7.16,79.2,3.3,7.5
359-U1471A-027H-7-0.39,251.49,53.2,18.727,50.5,1.9,5.9
317-U1353B-056H-1-1.33,251.53,41.5,51.451,35.2,0.0,0.1
317-U1353B-056H-1-1.33,251.53,41.5,51.451,35.2,0.0,0.1
194-1195B-027X-4-0.8,251.6,56.2,30.0,56.27,-0.93,12.02
342-U1405A-028X-1-0.29,251.79,73.7,16.01,40.9,0.8,-1.6
342-U1406A-030X-1-0.39,251.89,49.6,4.08,69.4,4.7,11.1
342-U1404A-029H-6-0.38,251.98,62.3,39.38,49.4,-0.4,0.4
342-U1410A-027X-4-0.94,252.14,42.3,6.89,76.7,5.8,4.7
342-U1410A-027X-4-0.94,252.14,42.3,6.89,76.7,5.8,4.7
317-U1353B-057H-1-0.55,252.15,37.7,46.477,49.9,-0.2,0.9
317-U1351B-030X-4-0.7,252.3,40.0,50.118,34.5,0.1,0.3
342-U1411B-028X-6-0.22,252.32,47.8,36.62,50.8,-0.6,-0.9
317-U1352B-029H-1-1.14,252.34,44.6,60.71,48.8,-0.3,-1.0
359-U1471A-028H-1-0.84,252.44,50.6,27.281,49.8,1.8,4.9
342-U1405A-028X-2-0.22,252.92,76.3,19.26,40.9,0.1,-0.6
194-1195B-027X-5-0.8,253.1,59.8,19.0,56.17,-1.51,11.38
342-U1404A-030H-1-0.3,253.3,58.1,40.5,42.3,-0.3,0.8
342-U1406A-030X-2-0.39,253.39,51.9,4.52,40.4,2.9,2.3
342-U1410A-027X-5-0.74,253.44,48.5,6.09,85.3,6.2,4.6
342-U1407A-030X-2-1.07,253.67,42.7,6.66,79.2,4.0,3.7
194-1193A-047X-1-0.75,253.85,51.7,31.4,53.91,0.03,10.21
342-U1411B-028X-7-0.4,253.91,47.7,38.34,59.9,1.8,-5.1
342-U1411B-028X-7-0.4,253.91,47.7,38.34,59.9,1.8,-5.1
317-U1351B-030X-5-1.0,254.1,34.8,59.619,37.1,-0.6,0.3
359-U1471A-028H-2-1.1,254.2,58.6,51.291,49.4,1.5,9.3
317-U1352B-029H-3-0.1,254.3,42.7,54.566,45.3,-0.4,-1.1
317-U1351B-030X-6-0.14,254.34,42.9,59.471,47.3,-1.0,0.9
342-U1407A-030X-3-0.32,254.42,50.3,8.35,83.3,3.9,1.8
317-U1353B-058H-1-0.84,254.44,37.1,61.444,40.6,-0.7,1.1
342-U1404A-030H-2-0.22,254.47,60.2,40.75,49.9,-1.4,1.7
342-U1410A-027X-6-0.33,254.53,50.6,5.5,80.0,9.4,9.2
359-U1467B-029H-2-0.67,254.57,50.0,14.561,46.0,0.8,8.9
194-1195B-027X-6-0.8,254.6,62.8,28.2,54.61,-1.77,8.68
194-1194B-017R-1-0.48,254.68,38.4,27.2,43.8,-0.86,3.48
194-1194B-017R-2-0.11,255.18,41.1,23.8,49.31,-1.36,5.42
194-1194B-017R-2-0.11,255.18,41.1,23.8,49.31,-1.36,5.42
359-U1471A-028H-3-0.62,255.22,51.1,24.274,43.6,1.9,9.0
317-U1352B-029H-3-1.14,255.34,43.5,54.506,52.4,-0.8,0.3
194-1193A-047X-2-0.8,255.4,44.5,32.6,55.97,-0.74,7.96
342-U1404A-030H-3-0.36,255.5,60.7,39.29,45.8,-2.6,2.7
342-U1407A-030X-4-0.39,255.99,42.6,8.23,81.3,4.3,2.8
194-1194B-017R-2-1.31,256.38,44.0,20.0,54.81,0.33,11.14
342-U1406A-031X-1-0.63,256.43,47.8,5.78,58.7,4.9,9.6
342-U1410A-028X-1-0.29,256.59,51.0,4.62,54.3,4.0,2.1
194-1195B-028X-1-0.8,256.7,65.8,29.2,58.18,-2.13,10.65
194-1193A-047X-3-0.8,256.9,48.0,26.2,54.99,-0.61,8.57
342-U1404A-030H-4-0.38,257.02,59.7,40.02,46.8,-1.1,1.0
317-U1351B-031X-1-0.32,257.02,39.4,50.169,39.9,-0.7,1.0
317-U1351B-031X-1-0.32,257.02,39.4,50.169,39.9,-0.7,1.0
342-U1407A-030X-5-0.39,257.29,42.3,10.69,79.4,3.6,4.0
317-U1353B-060H-1-1.21,257.31,38.7,50.719,34.3,-0.6,1.3
342-U1410A-028X-2-0.05,257.85,48.6,4.54,71.2,6.7,8.5
317-U1353B-061X-CC-0.23,257.93,36.6,49.572,38.2,-1.0,2.0
342-U1406A-031X-2-0.81,258.11,50.2,6.53,48.8,3.3,4.1
194-1195B-028X-2-0.8,258.2,53.2,25.0,60.71,-1.05,10.98
194-1195B-028X-2-0.8,258.2,53.2,25.0,60.71,-1.05,10.98
342-U1404A-030H-5-0.13,258.27,60.7,40.49,49.3,-1.0,1.0
194-1193A-047X-4-0.8,258.4,45.3,31.8,54.62,-0.61,7.3
317-U1352B-030H-1-0.73,258.43,44.5,58.692,49.3,-1.4,1.0
317-U1352B-030H-1-0.73,258.43,44.5,58.692,49.3,-1.4,1.0
342-U1407A-030X-6-0.42,258.51,46.0,11.85,75.3,5.4,3.2
317-U1351B-031X-2-0.39,258.59,41.3,35.696,40.5,-0.3,1.1
359-U1466A-040F-1-0.99,259.09,47.7,31.731,50.6,2.6,7.0
342-U1406A-031X-3-0.57,259.37,54.5,5.11,53.2,,11.3
317-U1352B-030H-2-0.2,259.4,46.1,54.853,56.0,-1.9,1.0
359-U1467B-029H-5-1.17,259.57,57.7,15.89,42.5,1.3,7.2
359-U1471A-028H-6-0.51,259.61,53.7,21.753,42.2,1.6,6.1
359-U1471A-028H-6-0.51,259.61,53.7,21.753,42.2,1.6,6.1
194-1195B-028X-3-0.8,259.7,60.3,38.4,59.38,-2.25,9.91
194-1193A-047X-5-0.83,259.93,43.4,27.2,49.52,-0.63,9.75
342-U1404A-031H-1-0.38,260.08,60.7,42.5,49.9,-1.9,4.7
317-U1351B-031X-3-0.39,260.09,44.1,50.606,38.1,-1.1,2.0
359-U1466A-040F-2-0.74,260.34,49.5,32.554,46.7,2.5,10.3
359-U1466A-040F-2-0.74,260.34,49.5,32.554,46.7,2.5,10.3
342-U1407A-031X-1-0.38,261.08,44.6,10.63,72.6,3.3,3.0
194-1195B-028X-4-0.8,261.2,62.4,30.0,58.93,-1.79,11.2
194-1193A-047X-6-0.73,261.33,41.9,23.2,44.66,-0.18,10.67
342-U1405A-029X-1-0.29,261.39,76.5,17.66,38.6,0.3,0.2
342-U1406A-032X-1-0.43,261.43,56.9,3.68,59.7,5.4,9.5
342-U1406A-032X-1-0.43,261.43,56.9,3.68,59.7,5.4,9.5
317-U1352B-030H-3-0.86,261.56,44.9,55.965,45.6,-1.5,1.3
342-U1404A-031H-2-0.38,261.58,56.8,43.43,50.8,-0.1,3.1
317-U1351B-031X-4-0.39,261.59,42.5,58.236,44.7,-0.8,0.3
194-1192B-012X-3-0.4,261.6,54.7,57.8,53.04,-0.63,8.26
359-U1466A-040F-3-0.59,261.69,48.5,29.11,47.1,2.1,8.1
317-U1351B-031X-4-0.66,261.86,47.4,58.682,46.8,-1.1,0.3
359-U1471A-029H-1-0.84,261.94,52.6,21.784,45.4,1.8,5.4
359-U1471A-029H-1-0.84,261.94,52.6,21.784,45.4,1.8,5.4
342-U1407A-031X-2-0.38,262.58,42.4,10.98,75.0,4.5,2.5
359-U1467B-030H-1-0.73,262.63,53.5,16.451,49.3,1.7,4.0
342-U1406A-032X-2-0.18,262.68,57.5,4.21,59.7,5.8,8.7
194-1195B-028X-5-0.8,262.7,53.1,31.0,55.29,-1.9,11.72
342-U1405A-029X-2-0.28,262.88,74.6,20.77,38.6,-0.5,0.5
342-U1404A-031H-3-0.3,263.0,58.6,42.86,48.8,-0.6,1.4
317-U1351B-031X-5-0.39,263.09,41.3,61.029,40.2,-1.6,1.3
359-U1468A-043X-1-0.83,263.33,49.5,23.441,49.9,2.3,11.6
317-U1353B-062X-CC-0.21,263.41,36.9,48.865,41.1,-1.2,2.9
359-U1466A-041F-1-0.74,263.54,46.9,23.918,53.1,1.8,15.0
359-U1466A-041F-1-0.74,263.54,46.9,23.918,53.1,1.8,15.0
194-1193A-048X-1-0.93,263.63,45.8,30.6,49.39,0.11,10.96
317-U1352B-030H-5-0.22,263.92,43.1,55.999,43.4,-1.2,1.6
342-U1407A-031X-3-0.38,264.08,38.8,9.49,79.6,4.3,2.2
342-U1406A-032X-3-0.21,264.21,60.3,4.82,52.2,5.7,13.5
194-1194B-018R-CC-0.47,264.27,45.4,18.8,41.41,-0.3,4.47
342-U1404A-031H-4-0.1,264.3,56.9,39.46,53.5,-0.4,0.2
342-U1405A-029X-3-0.28,264.38,73.3,23.74,39.1,-0.4,-0.6
359-U1471A-029H-3-0.67,264.77,56.1,43.071,47.2,2.2,3.6
194-1193A-048X-2-0.68,264.88,44.1,21.8,53.9,0.12,8.74
359-U1466A-041F-2-0.7,265.0,47.4,21.504,52.5,2.1,14.1
342-U1406A-032X-4-0.38,265.53,65.8,5.12,36.4,1.5,0.2
342-U1407A-031X-4-0.38,265.58,40.8,12.11,77.3,4.3,3.3
359-U1467B-030H-3-0.73,265.63,57.8,18.024,45.7,1.7,4.0
194-1193A-048X-3-0.66,265.86,46.5,27.6,45.84,0.59,6.83
359-U1470B-012R-CC-0.01,265.91,10.6,51.566,65.8,6.1,5.7
342-U1404A-032H-2-0.25,265.91,59.3,50.73,49.6,-0.9,0.1
194-1195B-029X-1-0.8,266.3,48.4,21.0,53.33,-1.44,10.33
359-U1466A-041F-3-0.74,266.54,48.4,21.338,50.3,2.3,11.6
317-U1351B-032X-1-0.7,267.0,43.0,59.195,44.1,-1.0,0.7
342-U1407A-031X-5-0.39,267.09,48.9,10.35,75.8,4.9,3.6
342-U1404A-032H-3-0.38,267.36,61.5,34.76,46.2,-1.9,1.4
194-1195B-029X-2-0.8,267.8,53.7,25.6,52.03,-0.89,9.54
359-U1471A-029H-5-0.87,267.97,51.9,17.451,49.3,1.6,7.9
342-U1407A-031X-6-0.18,267.98,45.5,8.57,65.9,3.9,9.9
359-U1466A-042F-1-0.61,268.11,48.5,32.424,50.7,2.6,8.8
317-U1351B-032X-2-0.7,268.5,45.2,57.645,42.2,-0.9,1.1
359-U1467B-030H-5-0.73,268.63,58.5,20.984,44.7,1.2,4.8
342-U1404A-032H-4-0.3,268.78,59.8,33.18,52.2,-1.3,2.2
317-U1352B-031H-2-0.22,268.92,46.3,54.226,45.6,-1.5,1.2
317-U1352B-031H-2-0.22,268.92,46.3,54.226,45.6,-1.5,1.2
194-1195B-029X-3-0.8,269.3,49.9,24.0,55.06,-1.02,9.43
359-U1466A-042F-2-0.57,269.57,52.7,37.45,48.1,2.4,9.2
359-U1466A-042F-2-0.57,269.57,52.7,37.45,48.1,2.4,9.2
317-U1351B-032X-3-0.5,269.8,38.2,43.447,37.7,-0.5,0.5
317-U1353B-063X-1-0.59,270.19,40.6,60.873,35.9,-0.8,0.5
317-U1351B-032X-3-1.0,270.3,41.0,53.066,36.3,-0.4,-0.9
359-U1471A-029H-7-0.58,270.68,54.5,29.393,47.6,1.4,6.2
194-1195B-029X-4-0.8,270.8,47.8,25.8,56.18,-1.14,9.71
194-1195B-029X-4-0.8,270.8,47.8,25.8,56.18,-1.14,9.71
342-U1406A-033X-1-0.22,270.82,58.7,2.64,65.7,5.6,6.4
359-U1466A-042F-3-0.56,271.06,47.8,32.443,50.8,2.0,13.8
359-U1467B-030H-7-0.39,271.29,55.1,19.341,44.6,1.4,4.9
342-U1405A-030X-1-0.69,271.39,66.3,24.67,44.9,0.3,-1.8
359-U1471A-030H-2-0.58,271.72,53.7,20.456,47.9,2.1,4.8
359-U1466A-042F-4-0.24,271.74,44.3,45.117,49.8,1.7,14.4
317-U1352B-031H-5-0.89,271.9,46.8,56.905,42.9,-1.4,1.5
342-U1404A-033X-1-1.12,272.12,61.0,26.98,50.0,-0.3,-0.3
359-U1467B-031H-1-0.74,272.14,52.1,21.878,44.2,1.0,8.1
194-1195B-029X-5-0.8,272.3,49.2,20.4,52.48,-1.08,11.41
342-U1406A-033X-2-0.29,272.31,57.9,3.56,60.6,5.9,13.3
342-U1405A-030X-2-0.52,272.33,68.0,23.92,41.5,-0.5,-1.2
342-U1405A-030X-2-0.52,272.33,68.0,23.92,41.5,-0.5,-1.2
342-U1404A-033X-2-0.22,272.72,65.0,28.76,50.8,-1.7,2.1
359-U1466A-043F-1-0.76,272.96,44.5,25.631,55.7,1.7,12.3
359-U1468A-044X-1-0.79,272.99,45.9,27.484,53.0,2.2,12.5
194-1193A-049X-1-0.8,273.1,41.1,30.4,54.8,0.14,8.93
194-1193A-049X-1-0.8,273.1,41.1,30.4,54.8,0.14,8.93
194-1194B-019R-1-0.62,274.02,42.2,20.6,57.39,-0.16,9.77
342-U1406A-033X-3-0.73,274.09,55.8,3.44,64.2,4.7,6.2
342-U1404A-033X-3-0.35,274.35,66.8,31.46,44.2,-1.8,3.9
359-U1466A-043F-2-0.67,274.37,44.3,21.564,54.1,1.9,12.6
194-1193A-049X-2-0.8,274.6,48.7,34.0,52.35,0.56,10.59
317-U1352B-032H-2-1.0,274.7,46.2,53.736,49.1,-1.1,1.0
194-1193A-049X-3-0.2,275.0,46.4,33.4,62.84,0.19,5.29
359-U1471A-030H-4-0.88,275.02,55.0,26.984,45.2,1.8,5.2
359-U1467B-031H-3-0.71,275.11,57.9,18.524,44.5,1.0,7.4
342-U1406A-033X-4-0.34,275.2,56.1,3.69,61.6,5.2,9.4
194-1195B-030X-1-0.56,275.66,45.1,22.2,55.92,-0.98,7.95
359-U1466A-043F-3-0.66,275.86,45.6,23.071,55.1,1.9,13.4
359-U1466A-043F-3-0.66,275.86,45.6,23.071,55.1,1.9,13.4
342-U1404A-033X-4-0.77,276.27,70.7,31.93,40.1,-1.6,2.8
317-U1351B-033X-1-1.0,276.9,40.6,40.566,31.7,0.2,-0.6
342-U1406A-033X-5-0.62,277.0,52.9,6.0,58.8,4.9,8.9
342-U1404A-033X-5-0.57,277.57,64.0,35.27,38.0,-1.5,2.2
359-U1466A-044X-1-0.74,277.64,38.8,36.924,44.4,2.5,6.0
317-U1351B-033X-2-0.35,277.75,40.5,40.666,37.5,-0.9,1.3
317-U1352B-032H-4-1.25,277.95,44.1,43.547,43.8,-0.6,1.9
342-U1406A-033X-6-0.19,278.0,50.5,10.03,51.8,5.2,13.4
359-U1467B-031H-5-0.74,278.14,57.4,17.424,46.6,1.3,4.4
342-U1404A-033X-6-0.13,278.63,66.9,33.66,38.6,-0.5,-0.4
342-U1406A-034X-1-0.22,278.82,47.1,9.36,54.8,4.1,14.9
359-U1466A-044X-2-0.5,278.9,43.6,27.68,46.5,2.9,9.4
194-1195B-030X-3-1.01,279.11,49.0,16.4,59.63,-0.71,9.77
194-1195B-030X-3-1.01,279.11,49.0,16.4,59.63,-0.71,9.77
317-U1353B-064X-1-0.45,279.65,39.9,58.014,40.6,-1.0,0.5
359-U1466A-044X-3-0.28,279.69,42.7,32.501,31.7,2.2,1.2
359-U1466A-044X-3-0.28,279.69,42.7,32.501,31.7,2.2,1.2
194-1195B-030X-4-0.13,279.73,48.1,18.6,53.21,-0.46,9.21
342-U1406A-034X-2-0.16,279.93,54.8,12.21,55.8,5.1,9.2
342-U1405A-031X-1-0.17,280.47,66.9,21.05,38.4,-0.5,0.2
359-U1467B-032H-1-0.77,281.67,55.6,19.658,50.8,1.5,-0.4
342-U1404A-034X-1-1.12,281.82,64.7,32.89,41.5,-1.2,0.5
359-U1471A-031H-2-0.7,282.3,48.0,28.021,40.9,1.8,2.8
317-U1352B-033H-1-0.68,282.38,47.1,64.712,41.7,-1.1,2.2
194-1193A-050X-1-0.8,282.7,49.9,24.4,47.53,0.19,7.31
342-U1404A-034X-2-0.57,282.77,66.6,30.39,35.0,-1.5,-0.6
342-U1404A-034X-2-0.57,282.77,66.6,30.39,35.0,-1.5,-0.6
359-U1468A-045X-1-0.99,282.89,44.9,26.141,50.9,2.4,8.0
194-1194B-020R-1-0.48,283.48,45.4,26.0,27.6,0.19,2.77
342-U1404A-034X-3-0.3,284.0,66.6,30.47,43.1,-3.6,4.4
194-1193A-050X-2-0.8,284.2,43.8,28.2,54.87,-0.03,9.56
194-1193A-050X-3-0.2,284.6,38.0,27.4,45.05,-0.21,6.28
359-U1467B-032H-3-1.03,284.93,59.4,16.857,48.7,1.7,4.8
359-U1471A-031H-4-0.34,284.94,54.0,16.867,41.5,2.0,6.6
317-U1352B-033H-4-0.63,285.27,46.2,47.135,46.5,-1.5,3.0
194-1195B-031X-1-0.68,285.28,52.0,33.4,53.17,-0.66,10.25
317-U1351B-034X-1-0.5,286.0,45.2,49.405,39.3,-1.4,2.0
317-U1351B-034X-1-0.5,286.0,45.2,49.405,39.3,-1.4,2.0
342-U1404A-034X-4-0.86,286.06,65.3,33.23,33.8,-1.8,4.2
317-U1352B-033H-5-0.73,286.87,43.8,52.105,46.3,-1.3,1.6
359-U1466A-045X-1-0.21,286.91,43.3,25.341,40.7,2.0,5.0
342-U1404A-034X-5-0.55,287.25,65.7,34.35,38.4,-3.8,5.9
359-U1467B-032H-5-0.77,287.67,58.9,20.411,50.7,1.5,3.8
359-U1471A-031H-6-0.12,287.72,54.3,18.744,49.4,1.7,9.6
194-1192B-015X-1-1.05,288.15,45.7,26.0,49.81,-1.72,8.35
342-U1404A-034X-6-0.23,288.43,67.3,32.82,44.4,-1.8,0.8
342-U1404A-034X-7-0.08,289.28,65.1,29.37,41.1,-0.6,-1.1
317-U1352B-034H-2-0.89,289.35,40.9,46.431,48.3,-1.0,1.5
317-U1352B-034H-2-0.89,289.35,40.9,46.431,48.3,-1.0,1.5
317-U1353B-065X-1-0.82,289.62,39.2,57.357,43.1,-0.2,0.2
359-U1467B-032H-7-0.26,290.16,58.3,23.091,47.5,0.7,6.4
342-U1404A-035X-1-0.82,290.22,65.1,24.16,39.1,-0.4,-1.1
317-U1352B-034H-3-0.45,290.34,45.1,54.323,47.9,-2.1,2.4
342-U1405A-032X-1-0.6,290.4,67.2,25.42,45.5,-0.8,0.0
359-U1471A-032H-1-0.81,290.41,52.5,39.287,50.4,1.7,9.4
359-U1471A-032H-1-0.81,290.41,52.5,39.287,50.4,1.7,9.4
194-1192B-015X-3-0.88,290.98,43.7,18.0,54.3,-0.65,11.71
359-U1467B-033H-1-0.8,291.2,57.7,22.024,52.3,1.1,5.4
359-U1467B-033H-1-0.8,291.2,57.7,22.024,52.3,1.1,5.4
342-U1404A-035X-2-0.36,291.26,66.5,26.01,42.5,-1.0,1.9
317-U1354C-027X-2-1.27,291.27,42.7,57.108,50.2,-0.3,-0.6
317-U1352B-034H-5-0.89,292.03,47.0,49.791,43.1,-1.4,0.8
194-1193A-051X-1-0.94,292.44,42.3,28.6,52.32,-1.27,10.19
342-U1404A-035X-3-0.29,292.56,69.2,20.71,21.6,-9.3,17.7
359-U1468A-046F-1-0.97,292.57,49.9,26.071,35.9,2.6,1.3
359-U1471A-032H-3-0.22,292.82,51.9,33.757,45.8,2.1,7.7
194-1194B-021R-1-0.3,292.9,44.5,23.4,47.91,0.04,6.99
194-1193A-051X-2-0.6,293.6,44.8,29.6,52.49,-0.97,9.04
317-U1352B-035H-1-0.88,293.78,44.3,43.065,42.2,-0.7,1.2
359-U1467B-033H-3-0.73,294.13,49.6,23.361,51.2,1.3,5.5
359-U1467B-033H-3-0.73,294.13,49.6,23.361,51.2,1.3,5.5
194-1195B-032X-1-0.26,294.46,56.2,20.6,60.33,-0.29,11.25
194-1195B-032X-1-0.26,294.46,56.2,20.6,60.33,-0.29,11.25
317-U1352B-035H-2-0.35,294.69,43.6,72.123,44.8,-0.6,2.0
194-1193A-051X-3-0.4,294.9,44.4,32.0,53.45,-1.16,9.64
359-U1468A-046F-3-0.8,295.4,49.9,27.027,48.5,2.0,9.5
194-1195B-032X-2-0.07,295.77,52.2,25.8,57.29,-0.86,10.42
317-U1352B-036H-1-0.69,295.99,46.6,52.342,46.9,-1.1,1.9
194-1193A-051X-4-0.52,296.02,37.3,35.8,53.95,-0.74,7.56
359-U1471A-032H-5-0.95,296.24,61.1,31.527,42.9,2.3,2.5
317-U1352B-036H-2-0.4,296.9,43.5,39.119,47.8,-0.6,5.2
359-U1467B-033H-5-0.83,297.23,58.4,24.347,47.5,1.0,5.4
359-U1467B-033H-5-0.83,297.23,58.4,24.347,47.5,1.0,5.4
359-U1468A-047F-1-0.87,297.27,46.6,27.921,49.1,1.9,13.6
359-U1471A-033F-2-0.89,297.49,51.0,20.574,41.6,2.2,6.7
359-U1471A-033F-2-0.89,297.49,51.0,20.574,41.6,2.2,6.7
194-1192B-016X-1-0.8,297.6,49.3,22.0,52.85,-1.28,7.9
194-1195B-032X-3-0.49,297.69,53.2,16.4,54.88,-0.12,10.14
317-U1352B-037X-1-1.07,298.07,46.0,43.7,47.0,-0.8,5.4
317-U1352B-037X-2-0.55,299.05,48.8,48.887,47.5,-1.2,0.9
194-1192B-016X-2-0.8,299.1,48.6,22.2,44.82,-0.53,5.31
317-U1353B-066X-1-0.79,299.19,39.4,58.372,36.2,-0.8,1.7
342-U1404A-036X-1-0.46,299.56,68.2,21.54,38.4,-3.8,5.3
359-U1467B-033H-7-0.28,299.68,57.2,21.185,50.2,1.2,2.4
342-U1405A-033X-1-0.53,299.73,65.4,29.33,45.2,-0.3,0.2
359-U1468A-047F-3-0.39,299.79,47.8,24.384,50.6,2.2,7.9
317-U1353B-066X-CC-0.23,300.24,35.6,57.853,45.7,-0.8,1.7
359-U1467B-034H-1-0.69,300.59,56.8,17.398,52.0,1.5,2.6
359-U1467B-034H-1-0.69,300.59,56.8,17.398,52.0,1.5,2.6
194-1192B-016X-3-0.8,300.6,48.9,29.6,54.12,-0.93,8.87
342-U1405A-033X-2-0.75,301.45,65.5,28.58,42.9,1.2,-4.2
359-U1471A-034F-2-0.84,302.14,50.7,21.714,39.0,2.4,3.3
359-U1468A-048F-2-0.47,302.67,50.5,22.92,51.4,2.3,11.2
194-1194B-022R-1-0.48,302.68,41.1,24.6,55.87,-0.49,10.24
342-U1405A-033X-3-0.58,302.78,65.2,29.1,39.9,0.6,-2.8
194-1193A-052X-2-0.34,302.94,40.7,43.8,53.19,-0.39,7.4
317-U1352B-038X-1-0.75,303.35,48.4,50.648,44.9,-1.2,0.6
359-U1471A-034F-3-0.65,303.45,53.4,16.938,45.6,2.1,3.6
359-U1471A-034F-3-0.65,303.45,53.4,16.938,45.6,2.1,3.6
359-U1467B-034H-3-0.69,303.59,57.2,22.308,52.0,1.3,4.4
194-1195B-033X-1-0.8,304.7,47.4,21.6,57.5,-0.53,9.58
342-U1405A-033X-4-1.11,304.81,66.4,26.53,34.6,0.3,-1.6
317-U1352B-038X-2-0.89,304.99,49.8,41.525,40.7,-1.1,3.1
359-U1471A-035F-1-0.64,305.14,49.2,18.401,42.7,2.2,1.9
317-U1351B-036X-1-1.0,305.7,43.2,59.256,35.8,-0.3,-1.9
342-U1405A-033X-5-0.85,306.05,67.1,29.51,37.5,-0.8,-0.8
342-U1405A-033X-5-0.85,306.05,67.1,29.51,37.5,-0.8,-0.8
194-1195B-033X-2-0.78,306.18,48.6,29.0,53.55,-0.78,9.91
317-U1351B-036X-2-0.35,306.55,43.4,57.566,41.9,-0.5,-0.6
359-U1468A-049F-1-0.82,306.62,51.5,18.827,47.7,2.4,10.9
359-U1467B-034H-5-0.86,306.76,56.5,25.901,47.5,1.2,3.8
359-U1466A-047F-1-0.69,306.99,47.0,24.948,51.6,2.3,10.6
194-1192B-017X-1-0.8,307.2,52.6,26.4,54.04,-2.18,8.37
194-1195B-033X-3-0.75,307.65,50.4,30.2,54.76,-1.3,7.1
317-U1352B-038X-4-0.75,307.85,48.7,50.865,47.5,-0.5,-0.3
317-U1354C-029X-1-0.3,308.0,40.5,48.216,37.2,0.2,-0.6
317-U1351B-036X-3-0.35,308.05,42.2,56.903,35.7,-0.6,0.0
317-U1353B-067X-CC-0.07,308.07,36.6,57.853,47.0,-0.7,1.6
359-U1466A-047F-2-1.01,308.81,46.5,28.647,48.9,2.7,9.7
359-U1468A-049F-3-0.17,308.97,50.1,22.685,48.8,2.3,6.1
317-U1351B-036X-4-0.35,309.05,39.5,54.446,30.6,0.0,-0.6
194-1195B-033X-4-0.79,309.19,46.0,23.6,54.24,-0.65,12.48
359-U1467B-034H-7-0.4,309.3,56.5,22.769,44.6,0.7,5.1
317-U1352B-038X-5-0.75,309.35,49.0,51.102,43.1,-0.7,-1.0
359-U1466A-047F-3-0.56,309.86,43.5,34.58,54.6,2.3,8.4
359-U1467B-035H-1-0.67,310.07,56.0,23.238,50.8,1.0,6.3
194-1192B-017X-3-0.8,310.2,46.3,24.2,54.3,-1.66,7.14
194-1192B-017X-3-0.8,310.2,46.3,24.2,54.3,-1.66,7.14
359-U1468A-050F-1-0.47,310.97,60.8,25.023,49.5,2.1,12.3
194-1193A-053X-1-0.38,311.08,44.1,27.4,54.28,-0.12,12.2
359-U1466A-049X-1-0.27,311.37,37.9,24.7635,47.8,2.5,5.6
194-1192B-017X-4-0.8,311.7,43.9,25.6,59.1,-0.6,10.67
194-1193A-053X-2-0.38,312.08,50.2,22.6,52.49,0.19,13.3
194-1194B-023R-1-0.85,312.75,41.5,29.6,47.35,-0.91,4.93
194-1192B-017X-5-0.4,312.8,37.7,25.8,52.22,-1.04,7.65
317-U1352B-039X-1-0.7,312.9,47.9,51.725,44.3,-1.0,0.1
359-U1467B-035H-3-0.9,313.3,57.7,18.347,50.1,1.4,5.1
359-U1467B-035H-3-0.9,313.3,57.7,18.347,50.1,1.4,5.1
359-U1466B-002R-1-0.18,314.18,24.8,17.657,48.8,2.5,1.2
194-1195B-034X-1-0.78,314.28,45.1,26.8,49.26,-1.25,6.88
317-U1351B-037X-1-0.7,314.6,44.1,60.165,41.0,-0.2,-1.0
359-U1470B-017R-CC-0.12,314.62,25.8,14.647,60.9,4.9,4.5
359-U1466B-002R-1-0.85,314.85,12.2,28.684,55.7,2.7,-0.1
359-U1471A-037F-1-1.16,315.06,52.5,24.049,45.2,2.2,4.9
194-1195B-034X-2-0.79,315.79,50.7,19.6,53.14,-1.32,8.78
194-1195B-034X-2-0.79,315.79,50.7,19.6,53.14,-1.32,8.78
359-U1468A-051F-1-0.84,316.04,49.6,18.494,45.3,2.3,12.0
194-1193A-054X-1-0.54,316.04,44.6,18.8,45.28,-0.03,11.57
317-U1351B-037X-2-0.7,316.1,41.6,59.082,33.4,-0.8,-0.3
317-U1352B-039X-3-0.99,316.19,46.3,53.668,47.4,-1.0,0.2
359-U1467B-035H-5-1.01,316.41,56.7,23.314,44.8,1.5,2.7
194-1192B-018X-1-0.8,316.8,44.2,22.6,57.32,-0.84,8.98
359-U1466A-050X-1-0.59,317.09,26.6,42.845,33.5,2.4,-2.1
194-1195B-034X-3-0.75,317.25,47.1,21.0,61.14,-0.6,11.72
317-U1353B-068X-1-0.63,318.23,35.7,62.015,35.1,-0.7,1.3
317-U1354C-030X-1-1.27,318.27,39.1,60.079,39.6,-0.2,-0.5
194-1192B-018X-2-0.8,318.3,45.7,27.2,56.3,-0.42,7.91
359-U1467B-035H-7-0.32,318.72,56.8,20.868,50.3,1.1,5.1
194-1195B-034X-4-0.79,318.79,45.7,23.4,54.57,-0.78,10.05
359-U1468A-051F-3-0.6,318.8,50.4,20.878,44.6,1.9,10.3
317-U1352B-039X-5-0.7,318.9,48.6,49.828,49.6,-1.0,1.7
359-U1471A-038X-1-0.77,319.37,64.2,23.341,46.3,1.9,6.6
194-1192B-018X-3-0.8,319.8,48.8,20.4,60.15,-0.13,13.08
359-U1467B-036H-1-0.92,319.82,56.8,18.687,52.7,1.2,4.1
317-U1352B-039X-6-0.29,319.99,47.8,41.959,42.9,-1.5,4.1
317-U1352B-039X-6-0.29,319.99,47.8,41.959,42.9,-1.5,4.1
194-1193A-055X-CC-0.1,320.5,45.9,29.6,55.95,0.13,9.99
194-1192B-018X-4-0.8,321.3,48.6,22.8,59.7,-0.2,10.27
194-1192B-018X-5-0.4,321.9,52.4,19.0,58.55,0.16,11.3
194-1194B-024R-1-1.01,322.51,39.1,23.8,53.63,-0.67,9.14
317-U1352B-040X-1-0.79,322.69,50.8,48.595,45.6,-0.1,-0.3
359-U1467B-036H-3-0.79,322.69,55.9,19.881,48.0,1.2,6.3
194-1194B-024R-2-0.8,323.8,36.3,27.4,48.96,-0.78,5.83
194-1195B-035X-1-0.8,323.9,55.6,22.8,59.43,-0.04,11.11
359-U1466B-003R-1-0.81,324.41,32.3,17.361,37.1,3.0,-1.2
359-U1470B-018R-1-0.16,324.46,29.0,15.13,37.5,2.9,0.5
194-1195B-035X-2-0.83,325.43,39.1,22.6,51.12,-0.73,9.5
317-U1352B-040X-3-0.79,325.69,46.4,36.885,43.2,-0.3,1.5
359-U1467B-036H-5-0.85,325.75,54.8,18.497,49.8,1.1,7.3
359-U1468A-053X-1-1.25,325.85,49.1,24.149,44.1,1.9,13.6
194-1192B-019X-1-0.8,326.4,44.5,34.4,48.82,-1.55,7.85
194-1195B-035X-3-0.82,326.92,47.1,29.4,49.42,-1.05,8.53
317-U1352B-040X-4-0.79,327.19,47.7,51.398,43.5,-0.8,-0.3
194-1195B-035X-3-1.18,327.28,46.1,24.4,51.83,-1.03,9.2
194-1195B-035X-3-1.18,327.28,46.1,24.4,51.83,-1.03,9.2
317-U1353B-069X-1-0.26,327.46,37.0,56.679,37.1,-0.3,0.8
194-1192B-019X-2-0.8,327.9,45.9,28.2,49.94,-1.24,5.9
194-1192B-019X-2-0.8,327.9,45.9,28.2,49.94,-1.24,5.9
359-U1467B-036H-7-0.41,328.31,54.9,23.465,43.5,0.8,7.0
359-U1468A-053X-3-1.06,328.51,47.7,27.609,43.7,1.8,10.9
359-U1467B-037H-1-0.74,329.14,57.3,31.764,47.8,1.0,4.3
194-1192B-019X-3-0.8,329.4,43.8,31.0,51.94,-1.33,6.98
317-U1352B-040X-6-1.08,330.48,43.8,48.562,43.1,0.0,1.7
194-1193A-057X-1-0.71,330.81,46.0,24.4,46.88,-0.08,6.17
194-1193A-057X-1-0.71,330.81,46.0,24.4,46.88,-0.08,6.17
194-1192B-019X-4-0.8,330.9,43.0,32.2,52.87,-1.07,7.09
359-U1468A-054X-1-0.38,330.98,46.2,14.797,45.2,2.0,5.9
194-1194B-025R-1-0.75,331.85,38.8,25.8,55.28,-0.22,8.14
194-1194B-025R-1-0.75,331.85,38.8,25.8,55.28,-0.22,8.14
194-1193A-057X-2-0.31,331.91,42.0,23.2,30.93,0.04,1.17
359-U1467B-037H-3-0.74,332.14,55.5,21.101,48.4,1.0,4.6
359-U1467B-037H-3-0.74,332.14,55.5,21.101,48.4,1.0,4.6
317-U1352B-041X-1-0.79,332.29,47.1,56.478,48.7,-0.7,0.7
194-1192B-019X-5-0.8,332.4,46.0,25.6,55.23,-0.6,8.77
194-1192B-019X-5-0.8,332.4,46.0,25.6,55.23,-0.6,8.77
194-1194B-025R-2-0.27,332.71,38.8,29.2,55.33,0.17,8.72
194-1195B-036X-1-0.8,333.5,54.3,31.4,48.47,-1.97,5.01
359-U1466B-004R-1-0.43,333.73,24.4,17.6015,39.9,2.9,-4.8
317-U1351B-039X-1-0.745,333.84,43.6,55.192,48.2,-1.0,2.0
359-U1470B-019R-CC-0.03,334.03,21.5,30.018,58.6,4.8,3.1
194-1194B-025R-3-0.65,334.37,36.1,26.6,52.24,-0.32,8.85
194-1195B-036X-2-0.91,335.11,43.8,20.4,57.93,-0.54,9.88
359-U1467B-037H-5-0.74,335.14,54.4,19.991,51.6,1.1,4.1
317-U1352B-041X-3-0.79,335.29,45.5,47.672,42.4,-0.6,1.2
317-U1351B-039X-2-0.745,335.34,40.8,56.158,46.7,-1.2,2.4
194-1194B-025R-4-0.24,335.41,38.0,27.4,50.37,-0.53,8.44
317-U1351B-039X-3-0.345,336.45,40.8,53.866,41.1,-0.6,1.5
194-1195B-036X-3-0.8,336.5,52.9,34.6,52.37,-0.47,11.04
194-1194B-025R-5-0.26,336.93,33.5,23.8,48.92,-0.4,5.68
317-U1353B-070X-CC-0.13,336.93,36.3,49.537,32.9,-0.7,0.7
194-1192B-021X-1-0.8,337.0,48.6,33.0,50.73,-1.18,6.9
359-U1467B-037H-7-0.24,337.64,53.2,20.308,45.4,1.0,4.9
194-1195B-036X-4-0.8,338.0,48.8,19.6,57.05,-0.89,10.15
359-U1467B-038F-1-0.34,338.24,55.9,23.405,51.4,1.4,3.9
317-U1352B-041X-5-0.79,338.29,47.1,53.202,50.7,-0.7,-0.3
194-1192B-021X-2-0.8,338.5,50.6,23.4,53.27,-0.52,8.86
194-1194B-025R-6-1.18,338.86,33.7,28.0,48.69,-0.57,8.01
194-1192B-021X-3-0.8,340.0,50.1,23.0,61.91,-0.3,11.07
194-1194B-025R-7-1.07,340.25,38.2,27.8,56.02,-0.22,9.04
317-U1352B-041X-7-0.39,340.49,45.0,50.483,46.2,-1.4,2.3
194-1193A-058X-1-0.84,340.54,37.5,27.6,54.99,-0.33,6.8
359-U1467B-038F-3-0.74,340.92,54.8,20.911,50.2,1.2,2.8
194-1194B-026R-1-0.42,341.12,39.8,22.2,56.86,-0.06,9.78
194-1193A-058X-2-0.12,341.32,39.3,22.4,30.71,-0.12,5.66
194-1192B-021X-4-0.8,341.5,44.5,18.8,56.46,0.16,10.43
359-U1468A-055X-2-0.3,341.61,46.1,19.337,44.4,1.7,10.7
317-U1352B-042X-1-0.89,341.99,48.7,52.421,43.5,-0.8,-0.5
194-1194B-026R-2-0.2,342.31,36.4,22.4,54.55,-0.77,9.89
194-1192B-021X-5-0.8,343.0,41.4,32.2,58.14,-0.07,9.67
194-1195B-037X-1-0.88,343.18,44.5,26.6,47.67,-1.82,6.92
359-U1466B-005R-1-0.19,343.29,37.7,16.734,48.6,2.1,7.4
359-U1467B-039F-1-0.74,343.34,33.4,19.384,49.2,1.1,5.6
194-1192B-021X-6-0.2,343.4,46.7,29.6,53.91,-0.8,7.46
194-1192B-021X-6-0.2,343.4,46.7,29.6,53.91,-0.8,7.46
317-U1351B-040X-1-0.745,343.44,40.8,55.238,47.9,-0.5,1.7
194-1193A-058X-3-1.0,343.7,35.5,30.4,43.58,-0.51,7.2
194-1194B-026R-3-0.52,344.13,38.6,40.6,50.44,-1.59,7.6
194-1195B-037X-2-0.88,344.68,50.8,30.6,46.29,-2.2,5.93
317-U1352B-042X-3-0.7,344.8,48.1,44.302,41.3,-0.6,1.3
194-1193A-058X-4-0.88,345.08,39.4,30.6,48.71,-0.16,7.04
194-1194B-026R-4-0.47,345.39,33.5,26.8,52.5,-1.43,7.09
194-1193A-058X-5-0.29,345.85,39.8,27.8,51.95,0.02,7.99
359-U1467B-039F-3-0.49,346.09,69.2,16.542,52.4,0.8,5.2
194-1195B-037X-3-0.88,346.18,29.0,24.0,48.46,-0.52,9.01
317-U1353B-071X-1-0.34,346.34,36.0,63.202,37.3,-1.4,2.9
194-1192B-022X-1-0.71,346.61,45.6,17.8,59.98,-0.87,7.77
194-1194B-026R-5-0.53,346.62,42.9,26.2,58.28,-0.72,9.4
194-1194B-026R-5-0.53,346.62,42.9,26.2,58.28,-0.72,9.4
317-U1352B-042X-4-1.17,346.77,36.3,45.32,43.0,-0.9,4.0
317-U1352B-042X-5-0.22,347.32,36.4,56.439,42.3,0.5,0.6
194-1193A-058X-6-0.32,347.35,39.2,27.2,35.91,0.13,6.64
194-1194B-026R-6-0.91,347.56,36.6,24.6,42.64,-0.13,6.03
194-1195B-037X-4-0.98,347.78,51.1,26.4,54.72,-0.69,11.03
359-U1467B-040F-1-0.74,348.04,55.1,14.884,51.6,0.9,6.5
317-U1352B-042X-5-1.37,348.47,45.3,40.579,45.2,-0.7,3.4
317-U1352B-042X-5-1.37,348.47,45.3,40.579,45.2,-0.7,3.4
194-1193A-058X-7-0.72,348.87,43.8,31.2,45.65,-0.01,8.59
194-1195B-037X-5-0.73,349.03,52.4,19.8,60.6,-0.13,11.72
194-1195B-037X-5-0.73,349.03,52.4,19.8,60.6,-0.13,11.72
194-1193A-059X-1-0.09,349.49,44.1,22.2,38.09,0.13,4.88
194-1195B-037X-6-0.2,349.9,48.4,18.8,55.88,0.04,11.36
194-1194B-027R-1-0.08,350.38,38.7,24.8,67.62,-0.36,1.58
359-U1468A-058X-1-0.7,350.7,46.9,24.441,44.8,2.1,5.2
194-1198B-017R-2-0.67,350.91,41.1,25.6,38.44,0.23,4.03
194-1193A-059X-2-0.33,351.25,45.6,40.6,46.83,-0.15,9.62
194-1194B-027R-2-0.82,352.22,40.0,26.6,57.56,-0.2,9.69
194-1194B-027R-2-0.82,352.22,40.0,26.6,57.56,-0.2,9.69
194-1195B-038X-1-0.88,352.78,44.2,28.8,57.87,-0.42,11.06
194-1194B-027R-3-0.33,352.99,39.8,28.8,57.85,-0.09,9.07
317-U1351B-041X-1-0.745,353.04,43.0,55.465,29.2,0.9,-1.1
317-U1352B-043X-2-0.89,353.09,48.0,51.091,46.2,-1.3,1.1
194-1193A-059X-3-0.91,353.13,41.0,32.4,45.41,-0.44,5.5
359-U1466B-006R-1-0.51,353.31,38.6,11.333,38.0,3.2,1.7
317-U1351B-041X-2-0.245,353.54,43.7,57.403,48.0,-0.8,2.1
194-1195B-038X-2-1.06,354.46,51.9,22.2,56.52,-0.72,11.35
359-U1467B-041F-2-1.09,354.59,56.1,19.96,50.9,0.6,5.5
194-1193A-059X-4-0.96,354.68,39.6,36.8,49.75,-1.02,6.06
194-1193A-059X-5-0.2,355.45,41.2,26.6,44.87,-0.96,6.52
317-U1352B-043X-4-0.89,356.09,47.0,48.095,36.0,0.6,-1.0
359-U1467B-041F-4-0.24,356.26,55.3,18.348,48.4,0.9,5.1
194-1193A-059X-6-0.2,356.91,35.4,32.8,52.02,-0.69,6.64
317-U1352B-043X-5-0.88,357.58,47.0,41.145,48.0,-0.9,2.8
359-U1467B-042F-2-0.45,358.65,55.1,19.582,51.5,0.8,5.1
359-U1467B-042F-2-0.45,358.65,55.1,19.582,51.5,0.8,5.1
194-1194B-028R-1-0.04,359.94,28.1,27.0,49.73,-0.2,8.09
194-1198B-018R-1-0.92,360.02,38.5,18.8,30.25,0.21,4.5
359-U1468A-059X-1-0.63,360.33,42.5,25.928,42.3,1.9,10.2
194-1193A-060X-1-1.34,360.34,36.5,33.6,50.65,0.13,9.31
194-1198B-018R-2-0.35,360.83,37.9,20.2,50.68,0.2,12.56
317-U1352B-044X-1-0.7,361.1,47.4,53.295,40.3,-0.5,-0.6
194-1193A-060X-2-0.98,361.45,39.1,34.6,53.2,-0.14,7.06
194-1195B-039X-1-0.18,361.68,44.2,18.4,44.6,0.24,8.59
359-U1467B-043H-1-0.74,362.14,57.2,18.778,51.0,1.0,4.2
194-1194B-028R-2-1.19,362.3,33.4,35.0,54.05,-0.62,8.21
194-1198B-018R-3-0.61,362.53,35.0,24.8,53.53,-0.42,7.95
194-1198B-018R-3-0.61,362.53,35.0,24.8,53.53,-0.42,7.95
317-U1352B-044X-2-0.7,362.6,48.0,48.728,50.7,-1.4,1.6
359-U1466B-007R-1-0.57,363.07,27.2,14.943,51.4,3.9,7.6
359-U1466B-007R-1-0.57,363.07,27.2,14.943,51.4,3.9,7.6
194-1193A-060X-3-1.18,363.1,43.1,33.4,43.3,-0.65,8.87
194-1195B-039X-2-0.24,363.24,42.6,26.8,58.29,-0.27,12.18
359-U1468A-059X-3-0.57,363.27,48.7,24.593,39.1,1.7,9.8
194-1194B-028R-3-1.02,363.59,26.7,25.8,55.03,-0.93,7.71
194-1194B-028R-3-1.02,363.59,26.7,25.8,55.03,-0.93,7.71
194-1194B-028R-4-0.62,364.26,34.6,30.8,54.75,-0.91,6.11
194-1193A-060X-4-0.91,364.33,50.2,38.6,47.38,-0.2,5.15
194-1195B-039X-3-0.26,364.76,38.1,19.0,47.84,-0.06,10.42
194-1195B-039X-3-0.26,364.76,38.1,19.0,47.84,-0.06,10.42
359-U1467B-043H-3-0.65,365.05,56.2,16.971,51.9,1.5,4.0
194-1193A-060X-5-0.32,365.24,39.1,34.2,48.7,0.0,6.29
194-1194B-028R-5-0.3,365.44,29.5,28.6,43.24,-0.6,7.11
317-U1353B-073X-1-0.43,365.63,34.1,55.631,45.0,-0.9,1.4
359-U1468A-059X-5-0.58,366.28,39.4,23.393,43.7,1.4,13.0
194-1193A-060X-6-0.07,366.49,35.5,31.8,44.48,-0.1,7.46
317-U1352B-044X-5-0.71,367.11,48.8,49.182,51.0,-0.8,1.2
194-1194B-028R-6-0.89,367.47,35.3,23.4,59.56,-0.31,8.78
194-1194B-028R-7-0.18,367.78,26.2,25.0,54.42,-0.14,7.09
359-U1467B-043H-5-0.71,368.11,57.6,17.678,53.4,1.9,2.0
194-1193A-061X-1-0.45,369.15,39.8,31.2,42.6,0.06,3.98
317-U1352B-044X-7-0.7,369.6,43.8,36.918,34.6,-0.1,3.0
194-1194B-029R-1-0.32,369.82,34.0,23.4,55.09,-0.31,7.2
194-1198B-019R-2-0.56,370.19,35.6,28.6,49.82,-0.11,10.36
194-1193A-061X-2-0.32,370.37,37.3,24.8,39.19,-0.09,4.48
317-U1352B-045X-1-0.79,370.79,48.5,53.308,44.7,-1.1,0.9
194-1194B-029R-2-0.51,370.97,39.4,23.8,52.39,-0.19,7.3
317-U1351B-043X-1-0.155,371.66,41.2,50.257,55.3,-0.9,3.2
194-1193A-061X-3-0.42,371.86,38.8,29.6,51.67,-0.67,6.76
359-U1467B-044H-1-1.16,372.06,56.2,18.954,51.3,1.3,6.3
359-U1467B-044H-1-1.16,372.06,56.2,18.954,51.3,1.3,6.3
194-1195B-040X-1-0.86,372.06,51.6,22.2,56.47,0.24,12.17
317-U1352B-045X-2-0.79,372.29,45.9,57.025,39.1,-0.9,0.7
194-1194B-029R-3-0.68,372.64,36.3,27.8,56.7,-0.86,7.04
359-U1466B-008R-1-0.58,372.78,49.6,15.486,50.4,3.1,-0.1
194-1195B-040X-2-0.28,372.98,31.6,23.8,57.67,-0.88,9.09
194-1193A-061X-4-0.25,373.19,36.1,25.6,50.84,-0.68,5.78
194-1194B-029R-4-0.5,373.96,33.8,27.2,58.13,0.15,9.29
194-1194B-029R-4-0.5,373.96,33.8,27.2,58.13,0.15,9.29
359-U1471A-044X-1-0.44,374.64,57.0,30.8,47.1,2.4,6.9
194-1195B-040X-3-0.5,374.7,58.5,34.6,44.46,-1.69,6.28
194-1193A-061X-5-0.74,375.14,40.2,29.4,56.02,0.05,8.55
359-U1467B-044H-3-1.26,375.16,54.6,22.879,49.1,2.0,3.0
317-U1352B-045X-4-0.79,375.29,40.6,38.185,35.7,-1.4,6.2
194-1193A-061X-6-0.62,376.42,39.3,29.4,46.07,-0.03,5.41
194-1195B-040X-4-1.14,376.84,40.2,26.8,55.33,-0.96,7.49
359-U1467B-044H-5-0.2,377.1,55.7,20.655,52.2,1.6,3.8
317-U1352B-045X-6-0.78,378.28,43.6,49.398,35.9,-1.3,4.8
194-1193A-062X-1-0.8,379.1,68.2,40.6,46.37,-0.51,7.34
194-1198B-020R-1-0.88,379.18,42.5,24.8,36.49,0.18,5.54
194-1198B-020R-2-0.02,379.69,37.8,32.2,54.19,-0.13,11.56
194-1194B-030R-1-0.81,380.01,27.3,19.4,52.59,-0.39,7.91
359-U1467B-044H-7-0.16,380.06,56.1,27.59,51.9,1.9,1.4
317-U1352B-046X-1-0.7,380.3,44.3,54.515,45.7,-1.7,2.6
194-1193A-062X-2-0.8,380.63,36.3,32.2,52.14,0.21,8.32
194-1193A-062X-2-0.8,380.63,36.3,32.2,52.14,0.21,8.32
359-U1467B-045H-1-0.31,380.71,57.7,31.005,45.9,1.1,6.1
194-1195B-041X-1-0.08,380.98,42.3,27.8,53.13,-0.22,7.75
194-1198B-020R-3-0.4,381.57,39.1,21.4,40.3,0.52,8.49
359-U1468A-061X-2-0.88,381.58,50.6,19.524,39.9,1.7,5.3
317-U1351B-044X-1-0.545,381.65,41.1,49.167,41.8,0.1,1.3
194-1194B-030R-2-1.33,382.03,29.2,25.0,60.46,-1.19,5.55
194-1193A-062X-3-0.85,382.18,36.8,41.4,53.17,-0.74,7.24
359-U1466B-009R-1-0.56,382.56,46.7,17.51,56.7,3.1,4.4
194-1194B-030R-3-0.56,382.76,34.0,29.6,50.96,-1.23,5.38
317-U1352B-046X-3-0.7,383.28,44.0,54.405,37.0,-1.1,2.1
317-U1352B-046X-3-0.7,383.28,44.0,54.405,37.0,-1.1,2.1
194-1193A-062X-4-0.84,383.67,34.4,39.4,51.5,-0.66,7.56
194-1194B-030R-4-0.69,384.39,37.8,29.2,57.88,-0.56,9.51
359-U1468A-061X-4-0.78,384.48,52.2,17.868,46.3,2.0,12.3
194-1193A-062X-5-0.47,384.8,41.3,31.6,54.73,-0.4,8.07
317-U1353B-075X-1-0.59,384.99,32.6,57.22,31.8,-0.2,0.7
359-U1467B-045H-4-1.0,385.9,57.7,28.867,45.3,1.9,4.3
317-U1352B-046X-5-0.7,386.28,44.4,55.525,38.2,-1.0,1.9
359-U1468A-061X-6-0.47,387.17,39.6,17.746,47.0,1.9,8.6
194-1197B-036R-1-1.47,388.17,34.0,23.4,45.9,-0.76,9.9
194-1193A-063X-1-0.45,388.35,47.9,15.6,55.48,-1.1,5.31
317-U1352B-046X-7-0.25,388.43,42.3,55.503,38.0,-1.7,2.7
194-1197B-036R-2-0.65,388.85,35.2,23.2,52.58,-0.33,10.24
359-U1471A-046X-CC-0.3,389.0,49.2,22.532,49.5,6.6,-7.6
194-1198B-021R-1-1.1,389.1,39.1,17.6,55.13,0.47,11.1
359-U1467B-045H-7-0.37,389.77,54.8,23.148,49.3,1.6,6.3
194-1193A-063X-2-0.71,389.94,44.2,14.2,24.7,0.06,1.84
194-1197B-036R-3-0.82,390.23,38.7,30.0,55.86,-0.01,11.4
194-1197B-036R-3-0.82,390.23,38.7,30.0,55.86,-0.01,11.4
317-U1352B-047X-1-1.13,390.33,48.0,48.613,47.3,-1.8,3.3
194-1194B-031R-2-0.15,390.42,42.0,19.8,39.56,0.08,2.4
194-1198B-021R-2-0.95,390.43,38.5,27.2,55.33,0.69,9.85
359-U1467B-046F-1-0.73,390.63,59.2,21.691,51.5,1.4,5.4
194-1195B-042X-1-0.38,390.98,48.0,30.6,48.73,-1.34,7.62
194-1198B-021R-3-0.56,391.14,29.9,29.4,54.04,0.63,9.63
194-1197B-036R-4-0.55,391.26,32.5,22.2,50.31,0.74,9.95
317-U1351B-045X-1-0.595,391.3,39.0,68.613,50.6,-0.6,2.6
317-U1352B-047X-2-1.13,391.83,44.0,32.17,41.6,-1.7,8.0
194-1195B-042X-2-0.28,392.38,38.3,27.0,56.36,-0.93,7.29
317-U1351B-045X-2-0.415,392.62,36.3,70.783,47.8,-0.8,3.1
359-U1466B-010R-1-0.99,392.69,48.2,20.111,60.2,2.9,9.6
359-U1467B-046F-3-0.17,393.07,56.4,30.573,38.4,1.6,0.7
317-U1352B-047X-3-0.89,393.09,46.0,43.361,46.3,-1.5,4.7
359-U1466B-010R-2-0.32,393.27,50.6,26.844,51.0,2.5,2.4
194-1195B-042X-3-0.51,393.83,42.6,27.6,50.41,-1.23,5.97
359-U1471A-047X-2-0.1,395.19,50.5,22.058,49.2,2.5,9.7
359-U1467B-047F-1-0.74,395.34,55.9,14.018,48.9,1.8,3.4
317-U1352B-047X-5-1.39,396.59,44.6,40.362,43.5,-1.4,4.3
194-1197B-037R-1-0.49,396.79,28.0,23.4,63.08,0.68,11.69
317-U1352B-047X-6-0.67,397.37,42.8,54.962,36.5,-1.3,1.7
194-1193A-064X-1-0.22,397.82,44.9,19.0,24.7,0.06,1.84
194-1197B-037R-2-0.36,398.13,35.9,26.0,52.46,-0.3,10.96
194-1198B-022R-1-0.54,398.14,45.6,32.0,47.9,-0.46,6.58
359-U1467B-047F-3-0.63,398.23,54.9,20.854,50.4,1.4,4.8
194-1194B-032R-1-0.14,398.54,45.0,18.0,39.56,0.08,2.4
194-1198B-022R-2-0.14,399.24,35.1,26.0,56.24,-0.17,8.96
359-U1468A-063X-1-0.68,399.28,43.4,12.301,46.4,1.5,11.0
359-U1468A-063X-1-0.68,399.28,43.4,12.301,46.4,1.5,11.0
317-U1352B-048X-1-0.63,399.33,43.8,54.918,42.4,-1.3,0.9
317-U1352B-048X-1-0.63,399.33,43.8,54.918,42.4,-1.3,0.9
194-1194B-032R-2-0.07,399.58,41.5,24.4,54.46,-0.8,6.05
359-U1467B-048F-1-0.75,400.05,55.8,21.134,43.7,1.4,1.9
359-U1467B-048F-1-0.75,400.05,55.8,21.134,43.7,1.4,1.9
194-1195B-043X-1-0.73,401.03,36.7,25.6,52.41,-1.54,8.82
194-1198B-022R-3-0.57,401.17,40.2,28.6,52.93,-0.45,7.45
359-U1466B-011R-1-0.26,401.66,45.6,15.381,67.1,2.7,6.7
359-U1468A-063X-3-0.55,402.15,48.7,17.98,46.8,1.4,15.5
359-U1468A-063X-3-0.55,402.15,48.7,17.98,46.8,1.4,15.5
317-U1352B-048X-3-0.62,402.32,42.9,59.238,43.8,-0.3,-0.6
194-1198B-022R-4-0.55,402.65,34.1,33.4,52.99,-0.48,7.67
359-U1467B-048F-3-0.49,402.79,55.7,20.085,45.3,1.3,5.0
359-U1466B-011R-2-0.62,402.97,41.8,18.008,30.9,3.1,-4.5
359-U1466B-011R-2-0.62,402.97,41.8,18.008,30.9,3.1,-4.5
359-U1471A-048X-1-0.87,404.27,53.8,15.984,55.0,2.6,8.5
194-1198B-022R-5-1.2,404.8,36.2,28.0,47.58,-0.91,5.93
317-U1352B-048X-5-0.63,405.33,41.9,53.772,50.6,-1.2,2.2
194-1198B-022R-6-0.46,405.56,40.0,30.8,42.82,-1.16,4.72
359-U1467B-049F-2-0.62,406.12,55.5,21.584,46.4,1.4,5.6
194-1197B-038R-1-0.88,406.78,32.1,31.0,46.16,-0.28,7.77
194-1198B-022R-7-0.6,407.1,32.0,28.8,46.86,-1.39,7.66
194-1198B-023R-1-0.02,407.22,32.8,25.6,49.13,-1.09,6.15
194-1193A-065X-CC-0.15,407.35,43.4,19.0,24.7,0.06,1.84
317-U1352B-048X-7-0.63,408.13,41.4,59.761,46.6,-0.9,0.6
194-1194B-033R-1-0.24,408.14,24.6,24.4,54.3,0.5,7.35
359-U1467B-049F-4-0.22,408.2,55.2,22.588,49.8,1.2,4.7
194-1197B-038R-2-1.25,408.65,32.6,21.8,50.38,0.07,6.95
317-U1352B-049X-1-0.59,408.89,47.5,51.88,46.7,-0.9,1.0
194-1198B-023R-2-0.68,409.23,38.6,34.4,48.98,-0.76,5.88
194-1197B-038R-3-0.87,409.61,33.6,26.0,49.57,-0.17,8.73
317-U1352B-049X-1-1.32,409.62,45.7,52.669,40.7,-0.8,-0.1
359-U1467B-050F-1-1.22,409.92,56.5,19.419,42.8,1.5,4.9
359-U1467B-050F-1-1.22,409.92,56.5,19.419,42.8,1.5,4.9
194-1194B-033R-2-1.14,410.09,32.3,25.0,37.84,0.48,5.32
359-U1468A-064X-2-0.43,410.23,48.6,17.863,53.3,1.9,7.1
317-U1351B-047X-1-0.565,410.36,42.2,60.877,51.3,-1.1,3.2
194-1197B-038R-4-0.57,410.49,23.5,27.4,57.56,0.96,9.06
194-1195B-044X-1-0.67,410.57,33.9,29.0,,-1.74,6.8
194-1194B-033R-3-0.68,411.08,47.1,28.0,56.68,0.03,7.6
317-U1351B-047X-2-0.295,411.1,39.5,59.856,47.3,-1.0,3.4
359-U1468A-064X-3-0.47,411.28,49.1,16.733,47.0,1.8,12.1
194-1198B-023R-3-1.28,411.33,37.1,33.6,50.36,-1.15,6.04
359-U1466B-012R-1-0.49,411.59,37.3,17.123,62.8,3.7,5.9
194-1198B-023R-4-0.16,411.73,36.9,34.0,52.76,-1.38,6.04
359-U1467B-050F-3-0.22,411.92,52.8,21.508,49.4,1.8,3.2
317-U1352B-049X-3-0.79,412.09,47.0,49.045,46.7,-1.0,1.6
194-1195B-044X-2-0.82,412.14,34.9,27.6,54.85,-1.27,7.43
194-1195B-044X-2-0.82,412.14,34.9,27.6,54.85,-1.27,7.43
194-1197B-038R-5-0.89,412.26,31.7,23.8,54.11,0.37,9.53
194-1193A-066X-1-0.4,412.4,39.0,19.0,24.7,0.06,1.84
194-1195B-044X-3-0.35,413.07,35.8,31.8,53.31,-1.55,6.19
359-U1471A-049X-1-0.02,413.12,48.3,11.886,44.1,9.0,-4.9
317-U1353B-078X-1-0.47,413.67,34.5,46.665,33.5,0.4,-0.6
194-1198B-023R-5-1.17,413.9,47.1,27.2,46.28,-1.51,6.03
359-U1467B-051F-1-0.75,414.15,58.1,15.434,46.8,1.8,4.0
194-1198B-023R-6-0.17,414.4,35.5,29.4,55.22,0.36,9.09
194-1195B-044X-4-1.02,415.24,38.6,22.4,55.38,-0.89,9.84
194-1197B-039R-1-0.53,416.03,32.8,33.4,46.29,-0.46,9.56
194-1195B-044X-5-1.02,416.74,39.2,29.2,51.66,-1.87,6.31
359-U1467B-051F-3-0.45,416.85,55.9,17.909,51.8,1.5,3.2
194-1198B-024R-1-0.64,417.44,37.2,24.2,53.72,0.21,10.2
194-1197B-039R-2-1.11,418.04,30.6,26.2,48.53,-0.39,10.8
194-1195B-044X-6-0.95,418.17,35.3,29.0,51.45,-0.99,7.09
194-1194B-034R-1-0.68,418.18,40.0,20.6,58.2,-0.57,6.9
359-U1468A-065X-1-0.42,418.42,49.0,20.946,49.9,2.2,5.0
359-U1467B-052F-1-0.59,418.69,58.6,16.072,54.1,1.3,4.3
194-1195B-044X-7-0.16,418.73,32.5,25.8,53.64,-1.21,7.26
194-1198B-024R-2-0.63,418.88,43.1,30.0,34.25,-0.71,2.8
194-1197B-039R-3-0.75,418.89,32.7,26.4,51.89,-0.02,7.99
194-1194B-034R-2-0.53,419.51,38.7,29.8,44.35,-0.26,4.15
194-1195B-045X-1-0.64,420.14,34.3,29.4,55.96,-1.43,8.54
194-1197B-039R-4-0.56,420.17,31.1,28.2,55.24,0.03,9.62
194-1198B-024R-3-0.6,420.35,46.4,34.8,43.37,-1.36,6.52
317-U1352B-050X-2-0.95,420.35,50.5,50.145,45.0,-0.9,-0.9
194-1198B-024R-3-0.6,420.35,46.4,34.8,43.37,-1.36,6.52
317-U1351B-048X-1-1.095,420.5,38.6,55.49,48.5,-1.5,3.8
194-1194B-034R-3-0.35,420.78,37.8,24.6,58.49,-0.11,9.14
194-1194B-034R-4-0.53,421.45,8.3,26.4,40.34,-0.19,1.14
194-1194B-034R-4-0.53,421.45,8.3,26.4,40.34,-0.19,1.14
194-1195B-045X-2-0.51,421.51,39.8,26.0,55.72,-1.5,7.83
359-U1466B-013R-1-0.79,421.59,51.2,13.648,64.2,3.0,7.4
194-1197B-039R-5-0.64,421.65,35.9,24.8,53.76,0.3,10.54
194-1197B-039R-5-0.64,421.65,35.9,24.8,53.76,0.3,10.54
359-U1467B-052F-3-0.85,421.95,56.2,19.627,46.4,1.6,2.7
194-1197B-039R-5-1.05,422.06,33.2,25.0,50.44,-0.21,10.04
194-1198B-024R-4-1.0,422.25,35.8,25.0,51.63,-0.29,9.46
194-1194B-034R-5-0.38,422.75,6.1,12.8,45.07,0.8,1.49
194-1194B-034R-5-0.38,422.75,6.1,12.8,45.07,0.8,1.49
359-U1471A-050X-CC-0.09,422.89,43.6,9.88,52.3,2.8,6.1
194-1197B-039R-6-0.46,422.92,34.4,34.0,55.33,-0.04,9.18
194-1195B-045X-3-0.46,422.96,38.2,32.6,49.28,-1.71,9.52
317-U1352B-050X-4-0.91,423.31,45.3,40.018,45.2,-0.9,3.7
359-U1467B-053F-1-0.95,423.75,57.1,15.424,49.7,1.8,0.0
194-1198B-024R-5-1.05,423.8,37.9,30.0,46.33,-0.63,8.48
194-1197B-039R-7-0.37,424.08,33.4,26.6,49.82,-0.09,9.26
194-1197B-039R-7-0.37,424.08,33.4,26.6,49.82,-0.09,9.26
194-1198B-024R-6-0.54,424.79,36.0,31.4,50.88,-0.9,8.57
194-1195B-045X-4-1.1,425.1,35.6,30.8,49.61,-1.94,8.97
194-1195B-045X-5-0.36,425.86,33.0,29.6,51.22,-1.79,9.98
194-1198B-024R-7-0.64,425.89,39.7,29.6,48.19,-0.86,10.22
194-1197B-040R-1-1.22,426.32,37.8,24.4,56.29,-0.12,11.85
359-U1467B-053F-3-0.61,426.41,55.7,17.654,51.8,1.2,5.2
194-1198B-025R-1-0.43,426.83,35.0,23.4,45.18,-0.82,9.32
194-1198B-025R-1-0.43,426.83,35.0,23.4,45.18,-0.82,9.32
317-U1352B-050X-7-0.37,427.07,41.2,60.906,52.4,-1.2,-0.1
194-1197B-040R-2-0.9,427.44,36.8,26.0,56.37,0.5,11.19
194-1195B-045X-6-0.63,427.63,35.8,34.4,52.55,-1.41,8.22
194-1195B-045X-6-0.63,427.63,35.8,34.4,52.55,-1.41,8.22
317-U1352B-051X-1-0.34,427.84,46.3,41.413,45.8,-1.6,4.4
194-1197B-040R-3-0.09,428.03,33.2,27.8,50.13,0.4,9.44
359-U1468A-066X-1-0.43,428.13,39.8,20.18,44.6,3.2,8.8
359-U1467B-054F-1-0.76,428.26,55.9,18.161,42.7,1.0,6.1
194-1198B-025R-2-0.62,428.52,42.7,32.6,50.7,-1.07,6.08
317-U1352B-051X-2-0.3,429.3,45.3,57.076,47.6,-1.6,1.5
194-1195B-046X-1-0.44,429.54,31.3,29.8,51.89,-1.44,8.67
194-1197B-040R-4-0.76,429.68,33.2,25.4,51.91,0.02,9.37
194-1198B-025R-3-0.39,429.79,30.9,21.4,52.58,-0.8,8.03
194-1197B-040R-5-0.19,430.34,34.2,32.2,52.79,0.34,9.02
194-1195B-046X-2-0.27,430.57,31.3,34.4,55.24,-1.49,7.95
359-U1467B-054F-3-0.49,430.99,55.3,20.979,50.5,1.4,1.5
359-U1466B-014R-1-0.61,431.11,52.1,12.994,62.7,2.8,7.3
194-1198B-025R-4-0.71,431.61,34.3,25.8,47.35,-0.51,6.6
194-1195B-046X-3-0.28,432.08,32.8,24.2,56.27,-0.98,9.81
317-U1352B-051X-4-0.31,432.31,45.4,55.113,43.5,-2.0,2.5
359-U1467B-055F-1-0.74,432.94,56.2,17.738,50.1,1.8,5.8
194-1198B-025R-5-0.77,433.17,34.6,28.2,52.96,-0.89,8.15
194-1195B-046X-4-0.34,433.64,36.7,32.6,51.36,-1.75,7.58
194-1198B-025R-6-0.74,434.64,40.2,25.6,46.07,-0.91,5.28
194-1197B-041R-1-0.59,435.19,31.0,27.2,49.78,-0.12,8.61
359-U1467B-055F-3-0.47,435.61,55.1,20.162,50.6,1.5,5.4
317-U1352B-051X-6-0.76,435.76,44.7,57.378,48.4,-1.6,1.6
194-1198B-025R-7-0.4,435.8,27.8,31.8,54.49,0.0,8.58
194-1198B-025R-7-0.4,435.8,27.8,31.8,54.49,0.0,8.58
194-1195B-046X-5-1.08,435.88,33.7,24.8,56.87,-1.13,9.04
194-1198B-026R-1-0.63,436.63,43.9,36.4,47.12,-1.23,6.29
194-1197B-041R-2-0.84,436.82,32.0,19.2,57.93,0.5,10.44
194-1195B-046X-6-0.6,436.9,32.5,21.8,54.75,-1.25,7.84
359-U1467B-056F-1-0.8,437.7,54.6,25.017,52.2,2.1,3.9
194-1197B-041R-3-0.55,437.93,33.6,24.6,52.77,0.24,8.7
194-1198B-026R-2-0.55,438.05,36.1,32.6,51.59,-1.06,6.7
359-U1468A-067X-1-0.68,438.18,46.6,14.608,61.1,3.2,11.6
194-1195B-047X-1-0.31,439.11,37.7,27.6,50.09,-0.71,6.38
317-U1352B-052X-2-0.73,439.33,44.4,58.015,44.6,-1.2,1.6
194-1198B-026R-3-0.37,439.37,35.7,30.4,60.72,-0.81,3.67
194-1198B-026R-3-0.37,439.37,35.7,30.4,60.72,-0.81,3.67
359-U1467B-056F-3-0.49,440.39,53.8,22.739,49.9,1.3,4.9
359-U1467B-056F-3-0.49,440.39,53.8,22.739,49.9,1.3,4.9
359-U1466B-015R-1-0.52,440.72,51.6,13.96,36.6,2.2,-1.7
194-1195B-047X-2-0.43,440.73,30.3,24.0,53.21,-1.63,8.06
194-1198B-026R-4-0.33,440.83,35.5,29.8,47.83,-1.26,8.23
194-1195B-047X-3-0.47,442.22,33.5,32.8,50.31,-0.65,8.41
359-U1467B-057F-1-0.67,442.27,52.6,27.304,49.6,1.3,5.9
194-1198B-026R-5-0.34,442.34,38.1,35.2,54.47,-0.63,7.32
359-U1471A-052X-CC-0.05,442.35,33.2,11.857,44.4,2.9,4.4
317-U1352B-052X-4-0.75,442.35,45.7,58.322,41.9,-1.7,1.4
359-U1468A-067X-4-0.85,442.85,46.3,16.647,56.9,2.7,6.6
194-1195B-047X-4-0.96,444.03,31.8,27.4,51.23,-1.37,9.73
194-1197B-042R-1-0.33,444.63,36.5,20.6,56.75,0.54,9.94
194-1197B-042R-1-0.33,444.63,36.5,20.6,56.75,0.54,9.94
359-U1467B-057F-3-0.49,445.09,53.5,29.775,47.0,1.4,4.8
317-U1352B-052X-6-0.78,445.38,49.5,43.655,46.9,-1.8,2.7
194-1195B-047X-5-0.84,445.41,32.9,28.4,54.6,-1.29,7.85
194-1198B-027R-1-0.74,446.44,29.4,21.8,51.77,0.28,7.94
194-1197B-042R-2-0.88,446.68,31.1,19.8,49.73,0.38,8.41
194-1197B-042R-2-0.88,446.68,31.1,19.8,49.73,0.38,8.41
359-U1467B-058F-1-0.78,447.08,53.1,22.534,51.7,1.6,4.6
359-U1468A-068X-1-0.53,447.73,47.6,14.37,54.0,2.3,6.8
194-1197B-042R-3-0.48,447.76,32.8,25.2,48.45,0.1,7.15
317-U1352B-053X-1-1.11,447.81,44.8,22.94,33.2,-0.9,5.6
194-1198B-027R-2-0.71,447.87,32.7,29.4,51.07,-0.8,7.18
194-1195B-048X-1-0.82,449.22,34.6,35.4,51.84,-1.04,7.5
194-1198B-027R-3-1.03,449.3,29.9,21.2,53.43,0.24,6.69
194-1198B-027R-3-1.03,449.3,29.9,21.2,53.43,0.24,6.69
359-U1467B-058F-3-0.42,449.72,53.4,23.402,44.0,1.5,6.7
194-1198B-027R-4-0.54,450.28,34.2,30.2,53.0,-0.16,10.24
194-1195B-048X-2-0.74,450.64,32.3,30.4,51.15,-0.96,6.8
317-U1352B-053X-3-1.11,450.81,43.3,22.433,58.5,-1.6,6.5
359-U1468A-068X-3-1.18,451.28,54.3,19.194,44.3,1.8,7.0
194-1198B-027R-5-0.61,451.57,38.9,35.0,46.83,-0.25,6.88
194-1195B-048X-3-0.28,451.68,39.1,33.6,46.78,-1.19,4.39
359-U1467B-059F-1-0.69,451.69,53.4,19.458,51.7,0.8,10.3
194-1198B-027R-6-0.61,453.07,31.6,23.8,54.09,-0.24,9.39
194-1195B-048X-4-0.66,453.56,38.6,27.4,52.42,-0.38,7.52
317-U1352B-053X-5-1.11,453.81,40.8,56.016,39.6,-1.6,2.3
359-U1467B-059F-3-0.37,454.37,53.9,21.175,47.6,1.5,7.0
194-1197B-043R-1-1.0,454.9,32.9,26.8,56.75,0.33,9.32
194-1198B-027R-7-1.16,454.92,36.5,31.4,31.32,0.61,4.62
194-1195B-048X-5-0.84,455.24,39.8,27.0,50.72,-0.12,8.7
194-1197B-043R-2-0.0,455.34,34.8,30.2,58.05,0.06,9.79
194-1198B-028R-1-0.82,456.12,33.4,26.0,50.33,0.23,6.56
359-U1467B-060F-1-0.63,456.33,54.3,19.411,59.6,2.1,4.4
194-1195B-048X-6-0.8,456.7,39.8,25.6,49.58,-0.4,9.23
317-U1352B-054X-1-1.09,457.39,49.6,53.186,46.2,-1.0,2.1
194-1198B-028R-2-0.75,457.4,34.2,30.0,46.94,-0.3,7.31
194-1198B-028R-2-0.75,457.4,34.2,30.0,46.94,-0.3,7.31
194-1195B-048X-7-0.15,457.55,39.8,25.2,55.52,-0.29,9.26
359-U1468A-069X-1-0.79,457.69,46.4,25.044,37.8,2.8,-1.4
359-U1468A-069X-1-0.79,457.69,46.4,25.044,37.8,2.8,-1.4
317-U1352B-054X-2-1.12,458.92,30.3,44.12,35.7,0.0,1.4
194-1195B-049X-1-0.92,458.92,41.9,19.2,54.97,-0.76,10.21
359-U1468A-069X-2-0.75,459.12,47.9,12.661,62.2,2.7,5.2
194-1198B-028R-3-1.0,459.15,33.8,30.4,49.02,0.06,8.36
359-U1467B-060F-3-0.47,459.17,54.9,17.875,51.5,0.8,5.6
359-U1466B-017R-1-0.28,459.98,26.4,12.401,49.3,2.5,4.1
194-1198B-028R-4-0.58,460.23,31.8,29.4,54.06,0.3,8.08
194-1195B-049X-2-0.92,460.42,41.7,22.8,48.16,-0.53,7.01
359-U1468A-069X-3-0.95,460.82,45.6,23.907,47.7,2.5,9.8
359-U1468A-069X-3-0.95,460.82,45.6,23.907,47.7,2.5,9.8
359-U1467B-061F-1-0.71,461.11,54.2,19.374,49.2,2.0,5.9
194-1198B-028R-5-0.48,461.63,31.4,28.4,52.48,-0.18,7.74
359-U1468A-069X-4-0.35,461.72,49.5,14.917,62.1,2.8,5.5
359-U1471A-054X-CC-0.23,461.93,19.8,17.764,42.9,2.4,0.0
194-1195B-049X-3-1.03,462.03,39.9,23.8,53.79,-0.68,8.3
317-U1352B-054X-4-1.36,462.16,38.86666666666667,29.242,42.6,-1.2,6.2
317-U1352B-054X-5-0.29,462.59,31.2,38.713,46.3,-1.1,6.8
359-U1467B-061F-2-0.71,462.61,55.1,16.828,54.0,1.8,6.0
317-U1352B-054X-5-0.49,462.79,42.6,53.56,43.7,-1.2,2.4
317-U1352B-054X-5-0.49,462.79,42.6,53.56,43.7,-1.2,2.4
194-1195B-049X-4-0.56,463.06,38.7,49.4,48.83,-0.87,5.29
194-1198B-028R-6-0.69,463.13,29.8,23.4,57.48,0.66,11.4
359-U1467B-061F-3-0.88,464.28,51.7,18.577,47.2,0.9,6.6
194-1197B-044R-1-0.74,464.34,27.8,35.8,46.93,-0.06,7.32
359-U1467B-061F-4-0.25,464.67,51.4,21.161,48.1,1.9,3.1
359-U1467B-061F-4-0.25,464.67,51.4,21.161,48.1,1.9,3.1
194-1193A-077X-CC-0.08,464.98,34.0,19.0,24.7,0.06,1.84
359-U1468A-069X-6-0.76,465.13,53.6,15.191,54.2,2.0,6.5
359-U1468A-069X-6-0.76,465.13,53.6,15.191,54.2,2.0,6.5
194-1198B-029R-1-0.77,465.67,35.1,25.2,46.16,0.67,6.67
194-1197B-044R-2-1.07,465.77,32.0,23.2,53.92,-0.15,7.96
194-1197B-044R-2-1.07,465.77,32.0,23.2,53.92,-0.15,7.96
359-U1467B-062X-1-0.95,466.05,54.4,16.668,53.1,1.2,8.5
359-U1467B-062X-1-0.95,466.05,54.4,16.668,53.1,1.2,8.5
317-U1352B-055X-1-0.24,466.14,42.8,41.306,43.4,-2.0,6.6
194-1197B-044R-3-1.08,467.0,31.9,20.6,50.68,-0.15,7.61
359-U1468A-070X-1-0.8,467.4,44.1,30.484,39.1,2.8,9.2
317-U1352B-055X-2-0.1,467.5,45.9,33.267,48.2,-1.4,4.7
194-1197B-044R-4-0.66,468.0,40.6,30.4,51.81,-0.1,9.24
194-1195B-050X-1-0.33,468.03,42.2,33.8,37.02,-2.16,3.1
359-U1467B-062X-3-0.63,468.73,53.7,16.271,46.3,2.0,4.5
317-U1352B-055X-3-0.1,469.0,48.0,51.718,48.2,-1.1,1.0
194-1195B-050X-2-0.22,469.12,38.5,36.4,40.18,-2.2,4.09
194-1197B-044R-5-0.61,469.45,33.1,31.4,44.39,-0.36,6.78
194-1193A-078X-1-0.06,469.76,41.9,19.0,24.7,0.06,1.84
359-U1468A-070X-3-1.16,470.76,48.4,14.297,38.4,2.1,1.5
194-1197B-044R-6-0.83,471.17,34.5,24.0,54.14,0.5,9.42
359-U1467B-063X-1-0.37,471.97,55.8,16.94,47.2,1.9,8.4
194-1197B-044R-7-0.63,472.07,34.6,31.4,53.51,-0.31,8.99
359-U1468A-070X-5-0.52,473.12,51.5,-9999.0,62.9,2.6,5.0
194-1197B-045R-1-1.2,474.4,23.1,24.8,46.07,0.41,7.06
194-1197B-045R-2-0.37,474.95,34.2,33.8,41.88,-0.6,7.8
194-1197B-045R-2-0.37,474.95,34.2,33.8,41.88,-0.6,7.8
194-1193A-079X-1-0.52,475.02,39.6,21.0,28.8,-0.25,0.85
194-1193A-079X-1-0.52,475.02,39.6,21.0,28.8,-0.25,0.85
194-1198B-030R-1-0.69,475.29,30.6,32.2,52.31,-0.81,6.84
359-U1467B-063X-3-0.77,475.37,55.8,13.628,46.4,1.4,7.1
317-U1352B-056X-1-0.47,475.97,35.6,37.08,43.7,-0.9,3.6
194-1198B-030R-2-0.41,476.27,29.8,32.2,52.77,-0.25,6.52
194-1193A-079X-2-0.41,476.41,35.6,35.2,42.15,-1.03,2.9
194-1197B-045R-3-1.01,476.52,34.6,23.6,44.4,0.28,7.68
359-U1468A-071X-1-0.23,476.53,48.4,14.521,62.0,3.1,8.5
194-1193A-079X-3-0.41,477.41,36.7,28.6,44.06,-0.79,3.46
194-1193A-079X-3-0.41,477.41,36.7,28.6,44.06,-0.79,3.46
194-1197B-045R-4-0.64,477.65,29.7,19.6,51.67,0.78,9.94
359-U1468A-071X-2-0.19,477.91,49.5,38.185,47.3,2.7,5.5
359-U1467B-063X-5-0.75,478.35,56.6,14.425,46.6,2.1,7.6
194-1195B-051X-1-1.07,478.37,42.2,37.6,43.26,-1.34,3.25
194-1198B-030R-3-1.29,478.4,32.0,39.2,49.33,0.15,8.56
317-U1352B-056X-3-0.47,478.97,39.6,27.617,50.6,-1.5,7.0
194-1198B-030R-4-0.4,479.01,28.5,30.2,55.53,0.36,8.77
194-1195B-051X-2-0.44,479.24,42.5,39.8,42.67,-1.72,4.16
194-1197B-045R-5-0.8,479.31,29.5,23.2,60.97,0.42,11.44
359-U1466B-019R-1-0.49,479.59,52.0,8.417,62.0,2.8,5.1
194-1193A-080X-1-0.35,479.65,40.3,37.6,38.85,-0.8,1.73
194-1197B-045R-6-0.04,479.98,34.9,25.4,54.72,0.04,8.94
317-U1352B-056X-4-0.35,480.35,43.3,39.256,49.7,-1.5,6.6
194-1198B-030R-5-0.62,480.73,28.1,39.0,52.09,-0.67,8.84
359-U1471A-056X-CC-0.37,481.57,27.6,13.811,31.8,2.8,-3.5
359-U1467B-064X-1-0.76,482.16,60.9,13.398,56.8,1.9,7.1
194-1198B-030R-6-0.61,482.22,28.0,29.0,49.75,-0.89,7.21
194-1197B-045R-7-1.1,482.54,25.9,27.0,52.52,0.76,9.24
194-1197B-046R-1-0.22,483.02,33.4,37.2,51.41,1.01,9.88
317-U1352B-056X-6-0.29,483.29,47.4,53.673,45.0,-2.0,4.0
194-1198B-030R-7-0.65,483.76,34.4,34.8,45.97,-0.17,6.11
359-U1466B-020R-1-0.35,484.15,46.5,13.847,60.8,2.9,8.9
194-1198B-031R-1-0.38,484.58,37.8,34.6,50.0,-0.61,6.36
359-U1467B-064X-3-0.66,485.06,62.0,13.674,45.1,1.8,2.0
317-U1352B-057X-1-0.29,485.39,47.3,48.819,48.2,-1.2,1.6
194-1197B-046R-2-1.12,485.42,37.0,27.6,53.84,1.2,10.48
194-1197B-046R-2-1.12,485.42,37.0,27.6,53.84,1.2,10.48
194-1198B-031R-2-0.72,485.82,29.2,20.4,58.0,-0.23,8.54
359-U1468A-072X-1-0.11,486.11,47.7,11.592,39.8,2.9,5.2
359-U1468A-072X-1-0.11,486.11,47.7,11.592,39.8,2.9,5.2
194-1197B-046R-3-0.97,486.56,24.9,31.2,56.79,-0.04,8.35
194-1193A-081X-2-1.05,486.65,37.9,36.0,41.39,-0.95,3.16
194-1198B-031R-3-0.43,487.03,27.6,22.6,52.18,-0.57,9.74
194-1195B-052X-1-0.25,487.15,42.6,49.8,49.04,-1.32,5.8
359-U1467B-064X-5-0.35,487.36,57.7,14.393,51.4,1.0,6.6
194-1198B-031R-4-0.12,488.22,30.1,26.0,52.52,-0.8,7.36
194-1197B-046R-4-1.17,488.26,29.8,31.6,46.69,0.57,8.46
194-1197B-046R-5-0.12,488.71,31.9,32.8,47.36,0.29,6.05
317-U1352B-057X-3-1.15,489.25,40.9,41.523,40.3,-1.0,3.7
317-U1352B-057X-3-1.15,489.25,40.9,41.523,40.3,-1.0,3.7
317-U1353B-086X-CC-0.07,489.97,38.0,58.225,38.6,0.1,-0.5
317-U1352B-057X-4-0.46,490.06,38.7,26.603333333333335,51.1,-1.6,6.7
317-U1352B-057X-4-0.48,490.08,36.699999999999996,26.603333333333335,51.1,-1.6,6.7
194-1197B-046R-6-1.06,491.15,32.0,28.6,48.48,-0.05,8.74
359-U1467B-065X-1-0.74,491.84,58.4,13.788,39.0,1.8,2.9
194-1197B-046R-7-0.86,492.27,18.4,30.8,53.99,0.51,8.64
194-1197B-047R-1-0.13,492.53,32.7,24.4,56.78,0.89,9.25
194-1193A-082X-1-0.52,494.22,28.0,22.8,43.15,-0.69,2.49
194-1198B-032R-1-0.6,494.4,26.1,32.0,57.86,-0.58,6.55
359-U1466B-022R-1-1.03,494.53,47.6,19.96,57.333333333333336,2.4666666666666663,9.733333333333333
194-1197B-047R-2-0.66,494.56,38.7,35.8,42.58,0.04,6.75
359-U1467B-065X-3-0.71,494.81,58.8,19.138,44.7,1.6,8.8
317-U1352B-058X-2-0.28,495.2,46.0,54.529,47.9,-0.8,0.7
194-1198B-032R-2-0.85,496.15,32.6,26.4,58.83,0.69,9.5
194-1198B-032R-2-0.85,496.15,32.6,26.4,58.83,0.69,9.5
194-1197B-047R-3-1.27,496.28,38.1,22.8,54.98,1.14,9.13
194-1195B-053X-CC-0.36,496.96,42.5,28.4,43.6,-1.05,5.44
194-1195B-053X-CC-0.36,496.96,42.5,28.4,43.6,-1.05,5.44
194-1197B-047R-4-0.85,497.28,23.5,20.6,59.41,0.04,10.75
359-U1467B-065X-5-0.24,497.34,56.1,16.575,43.1,1.7,4.9
194-1198B-032R-3-1.03,497.47,30.6,34.0,51.39,-0.07,7.13
359-U1468A-073X-2-0.45,497.63,49.3,13.13,43.7,1.6,1.8
194-1197B-047R-5-0.52,498.45,22.9,24.4,51.32,0.08,8.04
317-U1352B-058X-4-0.69,498.61,45.6,,41.2,-0.5,0.2
194-1198B-032R-4-0.73,498.67,23.4,28.6,55.88,0.43,9.06
194-1198B-032R-5-0.42,499.67,26.5,31.2,60.3,0.65,9.45
317-U1353B-087X-CC-0.06,500.06,32.1,58.225,46.6,-0.5,1.3
194-1197B-047R-6-0.76,500.17,27.2,27.4,56.91,0.61,9.76
359-U1468A-073X-4-0.6,500.35,48.8,12.528,66.4,1.9,4.8
194-1198B-032R-6-0.17,500.71,25.4,21.2,53.69,0.45,9.29
359-U1471A-058X-CC-0.32,500.92,42.2,23.841,25.3,2.9,-6.2
317-U1352B-058X-6-0.49,501.41,44.6,55.48,48.1,-0.8,0.9
359-U1467B-066X-1-0.68,501.48,56.8,14.484,52.9,1.7,4.8
194-1197B-048R-1-0.56,502.56,35.5,23.6,50.24,0.83,10.33
359-U1466B-024R-1-0.22,503.42,49.6,11.434,48.5,11.3,-4.3
194-1193A-083X-CC-0.16,503.46,2.1,29.4,38.97,-0.93,1.14
359-U1468A-073X-6-0.74,503.5,51.2,13.508,59.3,2.7,5.7
194-1198B-033R-1-0.1,503.5,24.7,27.0,38.49,0.63,4.59
359-U1467B-066X-3-0.67,504.47,51.7,21.881,41.1,3.3,-5.0
194-1197B-048R-2-1.23,504.73,32.9,21.8,56.31,0.16,10.52
317-U1352B-059X-1-1.09,505.39,49.9,54.183,38.8,-0.5,-0.5
359-U1468A-074X-1-0.56,506.06,51.9,12.61,45.2,1.4,1.9
194-1197B-048R-3-1.31,506.18,22.2,27.0,58.27,0.44,8.66
194-1195B-054X-1-0.04,506.24,37.4,28.4,43.6,-1.05,5.44
194-1195B-054X-1-0.04,506.24,37.4,28.4,43.6,-1.05,5.44
359-U1467B-066X-5-0.34,506.64,55.5,26.906,42.5,2.4,5.1
194-1197B-048R-4-0.93,507.21,23.9,21.2,52.54,0.99,8.37
194-1197B-048R-5-0.1,507.88,31.5,24.0,52.56,0.49,9.66
359-U1466B-025R-1-0.13,508.33,51.1,9.327,63.2,2.7,9.0
194-1195B-054X-2-0.86,508.56,35.0,30.6,47.65,-1.01,6.13
359-U1468A-074X-3-0.75,509.25,51.8,16.621,61.9,2.8,4.0
194-1195B-054X-3-0.78,509.98,39.1,32.2,46.07,-1.26,5.7
317-U1353B-088X-1-0.44,510.04,32.3,59.092999999999996,45.9,-0.5,1.0
194-1193C-005R-1-0.57,510.57,32.6,31.4,42.81,-1.19,3.48
194-1197B-048R-6-1.29,510.57,33.0,30.4,46.55,1.15,9.37
359-U1467B-067X-1-0.71,511.21,54.8,22.598,42.4,2.3,0.5
359-U1468A-074X-5-0.26,511.28,53.2,14.757,45.8,1.8,3.5
359-U1468A-074X-5-0.26,511.28,53.2,14.757,45.8,1.8,3.5
194-1195B-054X-4-0.87,511.57,37.1,31.4,48.57,-1.05,5.26
194-1197B-049R-1-0.1,511.7,31.9,25.6,49.71,0.54,7.97
194-1193C-005R-2-0.85,512.17,36.3,42.8,38.23,-0.64,1.82
194-1195B-054X-5-0.11,512.31,35.3,33.6,45.12,-1.15,4.46
194-1193C-005R-3-0.82,513.5,32.5,40.8,38.62,-1.02,3.41
194-1197B-049R-2-1.08,514.02,27.0,22.0,69.25,-0.11,4.29
317-U1352B-060X-1-0.36,514.26,43.8,46.906,35.3,0.2,1.0
194-1193C-005R-4-0.25,514.29,39.7,32.6,42.85,-0.98,4.9
194-1197B-049R-3-0.6,514.94,38.6,23.4,53.57,1.16,11.09
359-U1468A-075X-1-0.65,515.85,53.4,7.721,61.8,2.2,5.6
359-U1471A-060F-1-0.87,515.97,52.1,38.857,41.7,2.6,7.0
359-U1471A-060F-1-0.87,515.97,52.1,38.857,41.7,2.6,7.0
194-1195B-055X-1-0.34,516.04,37.5,41.8,45.19,-1.26,6.14
359-U1467B-067X-4-1.12,516.12,49.5,42.694,37.3,2.2,4.8
194-1198B-034R-3-1.23,516.95,4.2,48.2,54.58,5.93,11.64
194-1195B-055X-2-0.27,517.4,38.8,38.0,44.55,-0.6,4.72
194-1198B-034R-4-0.27,517.49,8.7,41.6,54.58,5.93,11.64
359-U1471A-061F-1-0.89,517.99,51.7,46.031,40.9,2.4,10.8
359-U1466B-026R-1-0.64,518.54,45.6,9.778,62.8,2.9,8.7
359-U1468A-075X-3-0.54,518.74,50.5,11.04,61.0,1.7,4.9
194-1193C-006R-1-1.09,520.69,20.1,29.2,27.74,-0.77,1.84
359-U1467B-068X-1-0.81,521.01,53.4,21.001,40.7,2.3,2.2
194-1193C-006R-2-0.3,521.4,50.5,28.8,38.34,-1.02,0.74
359-U1471A-062X-CC-0.03,521.83,15.3,10.28,33.9,2.3,1.5
359-U1468A-075X-5-0.69,521.89,51.7,11.804,68.3,2.6,5.2
194-1197B-050R-1-1.11,522.31,25.5,21.6,61.48,-0.39,7.68
194-1197B-050R-2-0.82,523.52,28.7,25.6,48.86,0.68,9.4
359-U1467B-068X-3-0.71,523.91,49.0,21.648,26.1,3.6,-5.7
317-U1352B-061X-1-0.46,523.96,50.1,54.407,45.9,-0.4,-0.4
359-U1468A-075X-7-0.14,524.34,52.1,11.269,68.6,2.7,5.1
359-U1468A-075X-7-0.14,524.34,52.1,,68.6,2.7,5.1
194-1197B-050R-3-0.64,524.84,29.3,25.2,50.54,0.07,6.34
359-U1468A-076X-1-0.72,525.62,53.9,12.371,69.2,1.9,5.2
194-1197B-050R-4-0.69,526.3,31.5,27.4,40.03,0.27,7.68
359-U1471A-063F-1-0.62,527.42,44.6,27.318,31.0,2.6,-2.1
194-1197B-050R-5-0.59,527.7,27.9,27.8,49.15,0.43,7.28
194-1197B-050R-6-0.02,528.63,29.1,24.6,48.72,-0.15,8.68
359-U1468A-076X-3-1.03,528.95,53.3,9.971,69.2,2.5,6.1
359-U1468A-076X-3-1.03,528.95,53.3,9.971,69.2,2.5,6.1
359-U1467B-069X-1-0.81,530.71,54.8,28.355,41.8,1.7,7.1
194-1197B-050R-7-0.7,530.81,31.6,27.2,49.59,-0.06,7.19
194-1197B-051R-1-0.86,531.66,24.1,20.0,50.23,-0.15,7.9
359-U1468A-076X-5-0.77,531.69,51.8,14.638,55.2,2.3,4.7
194-1197B-051R-2-0.34,532.64,32.3,19.8,58.93,0.41,9.3
359-U1467B-069X-3-0.82,533.72,58.2,38.085,37.0,1.8,8.0
317-U1352B-062X-1-0.7,533.8,46.4,51.122,48.3,-1.6,1.2
359-U1468A-076X-7-0.18,534.1,47.5,17.205,58.1,2.9,4.8
194-1197B-051R-3-0.98,534.28,31.3,18.6,55.92,0.79,9.5
194-1197B-051R-4-1.37,536.17,30.5,16.4,50.65,0.72,10.24
359-U1467B-069X-5-0.78,536.68,52.8,42.898,44.9,1.9,6.6
194-1197B-051R-5-0.82,537.09,31.9,27.6,46.53,0.43,6.9
317-U1353B-091X-CC-0.11,537.61,34.8,36.738,42.9,-0.2,0.0
359-U1466B-028R-1-0.64,538.04,46.4,11.424,68.3,2.5,7.8
317-U1352B-062X-4-0.79,538.39,46.5,56.248,45.7,-0.8,-0.1
359-U1467B-069X-7-0.31,538.71,55.2,32.216,48.4,2.75,2.3
359-U1467B-069X-7-0.31,538.71,55.2,32.216,48.4,2.75,2.3
194-1193C-008R-1-0.04,538.94,44.1,27.4,51.07,3.09,5.79
194-1193C-008R-1-0.04,538.94,44.1,27.4,51.07,3.09,5.79
359-U1471A-065X-CC-0.1,539.6,45.6,30.566,38.5,2.3,2.4
359-U1467B-070X-1-0.26,539.86,44.3,14.067,46.6,2.4,0.7
359-U1467B-070X-1-0.26,539.86,44.3,14.067,46.6,2.4,0.7
317-U1352B-062X-6-0.41,541.01,44.0,58.813,51.4,-1.2,0.1
194-1193C-008R-2-0.86,541.02,51.3,21.0,22.96,0.72,1.39
194-1197B-052R-1-0.72,541.22,29.7,28.4,42.77,-0.78,9.29
194-1193C-008R-3-0.74,542.32,45.8,24.6,35.28,1.15,0.94
359-U1466B-029R-1-0.31,542.41,51.0,6.021,32.7,2.7,-6.1
194-1197B-052R-2-0.71,542.71,27.7,31.4,49.79,-0.54,7.03
194-1193C-008R-4-0.56,543.63,44.0,18.4,36.5,1.12,1.19
194-1197B-052R-3-0.93,544.38,26.0,30.0,50.72,-0.42,7.6
317-U1352B-063X-2-0.45,544.65,45.0,56.567,48.2,-0.3,-0.8
359-U1468A-078X-1-0.39,544.69,50.7,9.537,70.2,2.9,7.8
194-1197B-052R-4-0.62,545.57,25.7,21.6,57.21,0.03,8.92
194-1197B-052R-5-0.47,546.58,28.1,22.2,51.23,0.14,6.63
317-U1353B-092X-CC-0.04,547.14,1.9000000000000001,36.738,37.9,-0.6,0.6
317-U1353B-092X-CC-0.15,547.25,29.6,36.738,31.6,0.0,0.4
317-U1353B-092X-CC-0.16,547.26,31.0,36.738,31.6,0.0,0.4
317-U1353B-092X-CC-0.16,547.26,31.0,36.738,31.6,0.0,0.4
359-U1466B-030R-1-0.29,547.39,51.7,11.951,61.8,2.4,9.2
317-U1352B-063X-4-0.75,547.95,45.2,58.288,50.5,-0.4,-0.4
194-1197B-052R-6-0.65,548.26,28.1,30.0,51.01,-0.31,6.94
359-U1468A-078X-3-1.28,548.56,48.5,10.906,63.3,2.2,4.5
194-1197B-052R-7-1.0,550.01,28.5,21.8,57.67,-0.06,9.03
359-U1468A-078X-5-0.59,550.58,49.3,15.933,64.0,2.6,5.5
317-U1352B-063X-6-0.88,551.08,44.2,61.745,52.1,-0.5,0.1
194-1197B-053R-1-1.21,551.31,33.9,16.8,59.8,0.5,9.93
194-1197B-053R-2-0.6,551.93,30.3,21.0,55.11,0.14,9.02
317-U1352B-064X-1-0.73,552.93,43.1,43.702,41.2,-0.4,1.1
194-1197B-053R-3-0.61,553.44,31.3,19.8,57.27,0.33,10.8
317-U1351B-064X-1-0.27,553.67,40.9,54.279,54.4,-0.8,1.7
359-U1468A-079X-1-0.44,554.44,47.3,7.076,60.4,2.0,6.0
194-1197B-053R-4-0.5,554.83,25.1,28.2,48.38,-0.22,6.4
317-U1351B-064X-2-0.5,555.4,39.1,57.687,45.4,-1.2,2.9
317-U1351B-064X-2-0.5,555.4,39.1,57.687,45.4,-1.2,2.9
317-U1352B-064X-3-0.75,555.95,49.8,54.738,38.2,0.9,-2.7
194-1197B-053R-5-0.63,556.46,27.4,30.8,63.76,0.25,8.0
317-U1353B-093X-1-0.21,556.81,33.5,58.376,40.3,0.3,-1.0
317-U1352B-064X-4-0.16,556.86,42.6,28.057,49.4,0.0,2.8
317-U1353B-093X-1-0.43,557.03,1.9,56.85,34.1,0.2,-1.2
317-U1353B-093X-1-0.43,557.03,1.9,56.85,34.1,0.2,-1.2
359-U1466B-031R-1-0.27,557.07,44.7,10.401,40.2,2.2,2.9
359-U1468A-079X-3-1.06,557.7,52.1,12.294,64.3,2.1,4.4
359-U1471A-067X-CC-0.12,559.02,44.0,8.416,36.8,2.2,-1.7
359-U1467B-072X-2-0.36,560.34,34.8,28.956,47.2,2.7,1.9
359-U1468A-079X-5-0.77,560.41,46.7,13.914,63.9,2.7,5.3
194-1197B-054R-1-0.64,560.44,29.8,21.0,50.14,0.25,8.37
359-U1468A-079X-6-0.77,561.32,49.7,13.206,70.2,2.6,5.7
359-U1468A-079X-6-0.77,561.32,49.7,13.206,70.2,2.6,5.7
194-1197B-054R-2-0.65,561.82,28.7,22.2,55.21,0.27,9.97
194-1197B-054R-3-0.87,563.54,27.1,23.6,47.97,0.4,8.15
317-U1351B-065H-CC-0.09,563.66,37.5,38.247,41.3,-0.8,2.7
194-1197B-054R-4-0.15,564.32,26.1,23.8,58.87,0.55,10.37
359-U1468A-080X-1-0.82,564.52,47.3,10.937,53.8,2.1,9.1
194-1197B-054R-5-0.02,565.06,27.4,27.0,50.26,0.26,7.58
317-U1353B-094X-CC-0.15,566.35,32.2,58.057,36.3,-0.9,1.5
317-U1353B-094X-CC-0.15,566.35,32.2,58.057,36.3,-0.9,1.5
317-U1353B-094X-CC-0.19,566.39,27.2,58.057,36.3,-0.9,1.5
359-U1466B-032R-1-0.23,566.73,50.1,14.937,49.5,2.6,12.7
194-1197B-054R-6-1.4,567.45,15.5,23.8,54.5,0.7,9.28
194-1197B-054R-7-0.83,568.38,30.4,32.8,43.24,0.49,6.96
359-U1471A-068X-CC-0.22,568.92,37.4,14.427,42.8,3.3,11.2
359-U1467B-073X-1-0.57,569.27,37.2,24.518,37.8,3.2,-2.6
194-1197B-055R-1-1.25,570.65,22.9,28.2,50.16,-0.56,8.84
194-1197B-055R-1-1.25,570.65,22.9,28.2,50.16,-0.56,8.84
194-1197B-055R-2-0.77,571.53,23.1,23.0,54.16,0.16,8.83
317-U1352B-066X-1-0.56,571.96,42.4,31.41,47.1,-0.3,4.4
359-U1467B-073X-3-0.34,572.04,40.0,27.236,51.5,2.3,3.5
317-U1351B-067X-CC-0.16,572.76,36.3,40.141,48.9,-1.1,3.4
194-1197B-055R-3-1.0,573.26,16.8,33.6,49.2,-0.39,7.61
317-U1352B-067X-CC-0.14,573.47,42.3,24.258,52.7,-0.9,5.7
317-U1352B-067X-CC-0.14,573.47,42.3,24.258,52.7,-0.9,5.7
194-1197B-055R-4-0.19,573.95,9.3,29.6,61.16,0.44,6.9
194-1197B-055R-4-0.19,573.95,9.3,29.6,61.16,0.44,6.9
359-U1468A-081X-1-1.1,574.5,50.1,7.544,59.6,2.5,3.2
317-U1352C-002R-1-0.05,574.75,28.633333333333336,16.301,47.9,0.4,5.3
317-U1352C-002R-1-0.41,575.11,25.5,28.947,61.6,-0.4,7.4
317-U1352C-002R-1-0.41,575.11,25.5,28.947,61.6,-0.4,7.4
317-U1352C-002R-1-0.75,575.45,49.0,35.862,52.1,-1.1,8.7
194-1197B-055R-5-0.6,575.86,32.0,28.6,51.96,1.42,9.1
194-1197B-055R-5-0.6,575.86,32.0,28.6,51.96,1.42,9.1
317-U1353B-095X-1-0.27,576.07,35.8,46.302,37.4,-0.1,-1.1
317-U1353B-095X-1-0.3,576.1,32.4,48.556,43.3,0.7,-1.5
317-U1353B-095X-1-0.47,576.27,27.3,53.283,40.7,0.0,-0.3
359-U1468A-081X-3-0.44,576.71,46.6,12.1,52.3,2.6,4.2
194-1197B-055R-6-0.5,577.09,27.8,26.4,42.65,1.02,7.44
194-1197B-055R-6-0.5,577.09,27.8,26.4,42.65,1.02,7.44
359-U1466B-033R-1-1.25,577.45,48.5,22.093,41.9,2.8,8.3
359-U1471A-069X-CC-0.03,578.43,50.3,12.569,49.8,7.2,-6.4
359-U1471A-069X-CC-0.03,578.43,50.3,12.569,49.8,7.2,-6.4
194-1197B-055R-7-1.12,579.02,26.2,31.4,57.43,0.44,9.3
359-U1467C-024X-1-0.6,579.2,36.6,14.491,47.4,2.7,0.7
359-U1467B-074X-1-0.98,579.38,40.8,23.184,42.5,2.0,2.6
359-U1468A-081X-5-0.33,579.39,48.2,18.454,52.2,1.9,3.0
194-1197B-056R-1-1.41,580.41,21.3,27.4,57.64,-0.87,7.92
194-1197B-056R-2-1.04,581.54,22.2,20.4,59.69,-0.52,9.19
194-1197B-056R-2-1.04,581.54,22.2,20.4,59.69,-0.52,9.19
317-U1352B-068X-1-0.69,581.79,41.0,48.492,48.2,0.3,-0.9
194-1197B-056R-3-0.65,582.65,26.5,26.4,52.66,0.03,11.7
194-1197B-056R-3-0.65,582.65,26.5,26.4,52.66,0.03,11.7
317-U1352B-068X-2-0.85,583.45,31.9,39.527,45.8,-0.7,4.8
317-U1352B-068X-2-0.85,583.45,31.9,39.527,45.8,-0.7,4.8
359-U1468A-082X-1-0.8,583.9,50.0,6.517,71.3,3.2,4.8
194-1197B-056R-4-0.71,584.21,22.0,25.0,53.88,0.16,7.01
317-U1352C-003R-1-1.14,585.54,36.1,36.78,20.3,5.3,-10.3
317-U1353B-096X-1-0.15,585.55,36.4,43.01,33.6,0.6,-0.8
317-U1353B-096X-1-0.17,585.57,34.1,43.01,33.6,0.6,-0.8
194-1197B-056R-5-0.93,585.93,14.0,22.2,54.9,0.43,7.93
359-U1466B-034R-1-0.35,586.25,36.9,24.237,41.0,2.7,3.4
359-U1468A-082X-3-0.72,586.83,51.4,12.144,61.2,2.4,5.3
359-U1466B-034R-2-0.26,587.2,29.0,23.141,40.4,2.4,-1.0
317-U1352C-003R-3-0.6,587.7,23.0,19.282,60.6,-1.0,8.6
359-U1471A-070X-1-0.31,588.41,37.3,15.851,24.2,2.8,-6.1
359-U1471A-070X-1-0.43,588.53,25.2,14.5,35.5,2.2,0.1
359-U1467C-025X-2-0.64,589.51,47.9,25.554,44.1,2.5,6.9
359-U1467C-025X-2-0.64,589.51,47.9,25.554,44.1,2.5,6.9
359-U1468A-082X-5-0.44,589.55,52.7,11.3,60.1,2.7,3.7
194-1197B-057R-1-1.4,590.0,26.7,26.0,45.41,0.7,9.56
194-1197B-057R-2-0.65,590.75,24.0,23.8,53.27,0.63,8.34
194-1197B-057R-2-0.65,590.75,24.0,23.8,53.27,0.63,8.34
359-U1467B-075X-3-0.43,591.53,51.5,35.056,39.2,2.4,-0.6
194-1197B-057R-3-0.44,592.04,22.2,25.6,52.18,0.27,8.12
359-U1468A-083X-1-0.78,593.58,50.6,9.794,60.0,2.4,5.8
194-1197B-057R-4-0.98,594.08,23.2,23.4,49.46,0.18,9.27
317-U1353B-097X-CC-0.15,595.15,36.3,34.795,27.9,0.8,-0.9
317-U1353B-097X-CC-0.18,595.18,36.1,34.795,27.9,0.8,-0.9
194-1197B-057R-5-1.1,595.7,25.7,27.6,55.22,-0.09,7.61
359-U1466B-035R-1-0.48,596.08,32.3,18.283,41.4,2.7,6.5
359-U1466B-035R-2-0.12,596.73,43.2,14.568,46.7,2.7,4.9
317-U1352C-004R-2-1.27,596.75,34.0,29.846,41.9,-0.7,4.9
317-U1352C-004R-2-1.27,596.75,34.0,29.846,41.9,-0.7,4.9
194-1197B-057R-6-0.89,596.99,22.8,23.0,57.55,-0.24,6.87
194-1197B-057R-7-0.43,598.03,29.2,28.2,45.4,0.83,8.23
359-U1471A-071X-1-0.33,598.13,45.7,10.294,44.1,2.8,4.0
359-U1467C-026X-1-0.3,598.3,48.3,27.525,36.8,2.1,9.6
317-U1352C-004R-4-0.55,598.95,28.96666666666667,33.06,51.0,-0.5,4.6
194-1197B-058R-1-0.8,599.0,22.7,24.0,52.43,-0.15,8.95
359-U1467B-076X-1-1.28,599.08,50.4,33.957,44.3,1.7,6.9
317-U1352C-004R-6-0.2,600.78,36.7,30.049,50.8,-1.0,5.8
317-U1352C-004R-6-0.2,600.78,36.7,30.049,50.8,-1.0,5.8
194-1197B-058R-2-1.25,600.95,29.3,30.8,50.02,-0.14,7.34
317-U1352B-070X-1-0.65,600.95,41.8,31.158,53.7,-0.8,5.4
359-U1467C-026X-3-0.5,601.19,43.2,23.122,39.8,2.3,4.3
359-U1467B-076X-3-0.62,601.45,47.0,27.684,36.0,3.0,-3.7
194-1197B-058R-3-1.21,602.41,18.7,27.4,56.58,-0.07,5.64
194-1197B-058R-3-1.21,602.41,18.7,27.4,56.58,-0.07,5.64
317-U1351B-070X-1-1.0,602.5,37.8,51.853,46.0,-1.2,3.7
359-U1468A-084X-1-0.34,602.84,47.3,8.924,61.9,2.8,8.8
317-U1351B-070X-2-0.35,603.15,39.8,47.573,52.0,-1.3,4.2
194-1197B-058R-4-0.72,603.42,24.4,22.8,55.28,-0.22,8.24
194-1197B-058R-5-0.31,604.51,23.9,25.4,54.74,-0.66,6.56
359-U1466B-036R-1-0.11,605.41,44.8,13.732,34.8,2.3,-1.3
359-U1468A-084X-3-0.79,606.28,47.9,13.588,52.0,2.5,4.2
194-1197B-058R-6-0.75,606.45,17.3,27.8,67.66,-0.73,6.5
194-1197B-058R-6-0.75,606.45,17.3,27.8,67.66,-0.73,6.5
194-1197B-058R-7-0.56,607.26,26.3,21.6,68.78,-0.37,8.19
359-U1471A-072X-1-0.09,607.59,31.9,12.438,35.1,2.7,-0.8
359-U1468A-084X-5-0.42,608.22,47.5,15.006,59.4,2.4,5.7
359-U1467B-077X-1-0.9,608.4,45.9,27.821,53.9,2.1,8.6
194-1197B-059R-1-0.72,608.62,23.6,18.4,65.04,-0.76,6.48
359-U1467C-027X-2-0.32,609.38,46.7,20.305,43.5,1.9,10.3
359-U1467C-027X-2-0.32,609.38,46.7,20.305,43.5,1.9,10.3
194-1197B-059R-2-0.6,610.0,26.3,23.0,57.76,-1.52,5.81
317-U1352B-071X-1-1.24,611.14,40.3,42.202,43.9,-0.6,3.6
359-U1467B-077X-3-0.77,611.27,51.3,29.048,49.3,2.1,5.8
194-1197B-059R-3-0.85,611.7,16.8,17.6,68.34,-0.48,6.52
359-U1468A-085X-1-0.73,612.93,47.1,23.708,44.8,2.5,3.9
317-U1352B-071X-3-0.39,613.29,40.4,46.739,41.1,-0.1,2.2
359-U1467B-077X-5-0.69,614.19,47.7,33.231,45.0,2.0,7.2
317-U1352B-071X-4-0.42,614.42,37.6,53.967,52.9,0.0,-0.7
359-U1466B-037R-1-0.33,615.33,40.3,14.111,48.3,2.9,6.5
359-U1466B-037R-2-0.29,616.23,35.3,15.064,48.8,3.9,5.1
359-U1467B-077X-7-0.42,616.83,48.9,27.173,55.0,1.9,6.3
194-1197B-060R-1-0.57,617.77,28.9,25.6,67.94,0.18,8.98
359-U1467C-028X-1-0.65,618.05,46.5,22.564,38.0,2.3,0.0
359-U1471A-073X-1-0.93,618.13,25.0,16.353,46.3,2.2,2.8
194-1197B-060R-2-0.91,619.54,33.0,22.6,40.62,0.23,3.88
359-U1467C-028X-2-0.81,619.72,53.6,15.457,52.0,2.1,8.2
317-U1352B-072X-1-0.73,620.23,43.0,59.208,47.5,-0.7,-0.1
194-1197B-060R-3-0.47,620.6,17.8,17.4,42.33,-0.42,4.6
317-U1351B-072X-1-1.0,621.6,40.1,63.21,53.9,-0.5,2.8
359-U1468A-086X-1-0.95,622.85,46.3,12.317,56.3,2.4,5.1
317-U1351B-072X-2-0.99,623.09,36.9,56.031,50.5,-1.0,2.6
317-U1352B-072X-3-0.73,623.2,40.8,59.342,42.1,-0.2,-0.6
359-U1468A-086X-2-0.28,623.67,42.8,20.964,55.0,3.0,7.7
317-U1352B-072X-4-0.73,624.7,39.1,61.682,47.8,-0.1,-0.6
359-U1466B-038R-1-0.05,624.75,25.1,24.094,41.5,2.6,0.7
194-1197B-061R-1-0.64,627.44,27.2,21.4,69.22,-0.14,8.58
359-U1471A-074X-1-0.99,627.89,23.6,17.664,29.7,2.9,-4.4
359-U1467C-029X-1-1.23,628.33,56.3,13.799,53.8,2.0,6.9
194-1197B-061R-2-1.1,629.4,26.0,19.0,65.72,-0.6,8.31
359-U1471A-074X-CC-0.14,629.46,49.2,19.544,38.9,2.3,-1.6
317-U1352B-073X-1-0.55,629.65,40.3,58.983,37.3,0.1,-1.2
194-1197B-061R-3-0.71,630.51,20.3,19.0,58.32,-0.13,6.44
317-U1351B-073X-1-0.5,630.7,41.0,58.34,55.0,-0.7,2.7
359-U1467C-029X-3-0.61,630.71,51.1,36.358,54.0,2.1,6.0
317-U1352B-073X-3-0.55,632.65,43.3,54.967,46.4,0.0,-0.5
317-U1352B-073X-3-0.55,632.65,43.3,54.967,46.4,0.0,-0.5
359-U1467C-029X-5-0.93,634.03,56.4,20.184,41.3,1.7,5.1
359-U1466B-039R-1-0.44,634.84,44.5,14.55,26.5,3.0,-5.2
317-U1352B-073X-5-0.81,635.91,42.7,57.155,55.5,-0.2,-0.4
359-U1467C-029X-7-0.29,636.21,52.8,23.161,47.4,1.6,10.9
359-U1467C-029X-7-0.29,636.21,52.8,23.161,47.4,1.6,10.9
359-U1471A-075X-1-0.76,637.36,27.2,18.371,40.6,2.3,1.2
194-1197B-062R-1-0.9,637.4,25.3,28.6,48.2,0.0,6.22
359-U1467C-030X-1-0.88,637.68,49.3,15.911,53.3,1.6,9.4
194-1197B-062R-2-1.24,639.22,25.6,32.8,60.44,-1.8,6.89
317-U1352B-074X-1-0.71,639.41,41.9,58.052,48.1,-0.4,0.2
194-1197B-062R-3-0.89,640.33,22.7,23.2,63.7,2.1,14.39
359-U1467C-030X-3-0.83,640.63,50.9,28.154,49.5,1.9,11.9
194-1197B-062R-4-0.61,641.05,24.6,28.0,58.53,0.88,10.2
359-U1471A-076X-1-0.5,641.8,17.8,15.223,43.9,2.5,2.7
359-U1468A-088X-1-0.75,642.05,44.5,13.788,52.9,3.0,10.4
317-U1352B-074X-3-0.7,642.4,41.2,59.335,44.4,-0.6,0.7
359-U1468A-088X-2-0.44,643.02,44.5,23.286,57.5,3.9,11.0
359-U1467C-030X-5-0.75,643.55,58.2,23.631,48.95,2.55,9.55
359-U1466B-040R-1-0.33,644.43,41.9,18.077,34.9,3.0,-2.3
317-U1352B-074X-5-0.68,645.38,38.1,57.558,43.2,-0.8,1.1
194-1197B-063R-1-0.26,646.36,29.6,26.8,51.39,3.74,15.28
359-U1471A-077X-1-0.27,646.57,48.1,24.734,30.8,3.0,3.9
359-U1467C-031X-1-0.42,646.92,47.7,16.119,49.4,2.4,11.0
359-U1471E-007R-2-0.97,647.22,52.9,43.457,20.2,2.5,-5.6
194-1197B-063R-2-0.24,647.78,28.7,64.4,48.99,-0.35,4.54
317-U1352B-075X-1-0.7,649.0,41.7,56.605,42.2,-0.9,1.4
194-1197B-063R-3-0.25,649.17,25.2,26.2,36.69,-0.16,1.14
359-U1467C-031X-3-0.64,650.15,50.1,31.671,37.8,1.5,5.8
194-1197B-063R-4-0.24,650.39,26.5,23.8,44.19,-0.93,4.55
359-U1468A-089X-1-0.57,651.57,47.0,15.136,34.7,2.9,-4.1
317-U1352B-075X-3-0.7,652.0,40.4,54.348,49.4,-0.9,1.2
359-U1471A-078X-1-1.02,652.02,53.9,39.601,35.6,2.6,-1.2
359-U1468A-089X-3-0.24,653.76,46.0,16.334,61.2,2.9,7.6
359-U1466B-041R-1-0.12,653.92,47.3,9.658,44.8,2.5,1.2
359-U1471E-008R-1-0.04,654.54,50.4,20.482,30.7,2.6,-5.5
317-U1352B-075X-5-0.7,655.0,40.1,59.068,47.3,-1.1,1.3
194-1197B-064R-1-0.02,655.72,21.1,32.4,50.39,-0.78,3.8
359-U1467C-032X-1-0.69,656.89,41.6,13.214,45.6,2.3,6.0
359-U1467C-032X-1-0.82,657.02,49.7,21.817,,2.2,9.8
317-U1352B-075X-7-0.7,657.5,31.0,63.742,46.3,-0.4,-0.1
194-1197B-064R-2-0.8,657.87,27.4,29.8,44.18,-0.47,2.22
359-U1471A-079X-2-0.8,658.24,29.5,23.811,33.5,1.9,3.8
359-U1467C-032X-3-0.41,659.61,45.6,21.149,45.1,1.9,9.4
359-U1467C-032X-3-0.89,660.09,43.5,40.664,49.0,2.0,10.1
317-U1352B-076X-2-0.7,660.1,41.2,59.508,44.4,-0.6,0.6
359-U1471A-079X-4-0.49,660.61,27.4,22.76,42.3,2.1,1.0
317-U1352C-006R-1-0.7,660.7,43.2,53.086,40.6,-0.1,-0.6
317-U1352C-006R-1-0.7,660.7,43.2,53.086,40.6,-0.1,-0.6
359-U1467C-032X-5-0.3,662.5,40.7,30.261,47.9,1.9,8.8
317-U1352B-076X-4-0.7,663.1,43.2,58.838,44.4,-0.1,-0.4
359-U1466B-042R-1-0.56,664.06,44.3,7.908,59.9,3.4,5.8
359-U1471E-009R-1-0.46,664.66,30.4,21.303,36.4,1.7,1.9
359-U1471A-080X-1-0.11,665.81,30.7,21.32,38.8,2.2,0.2
317-U1352B-076X-6-0.7,666.1,41.2,60.895,49.4,-0.3,-0.1
359-U1467C-033X-1-0.57,666.47,41.8,15.442,52.2,2.6,11.3
359-U1467C-033X-1-0.57,666.47,41.8,15.442,52.2,2.6,11.3
359-U1471E-009R-3-0.45,667.62,9.5,15.213,45.7,2.7,1.0
317-U1352B-077X-1-0.62,668.22,44.9,49.478,48.1,-0.5,1.0
359-U1471A-080X-3-0.42,668.84,40.8,18.82,38.9,2.2,7.1
317-U1351B-077X-1-0.5,669.1,41.6,56.93,47.8,-0.2,2.2
359-U1467C-033X-3-0.26,669.16,43.8,21.465,38.3,2.1,7.4
317-U1352C-007R-2-0.39,670.65,45.3,41.926,35.6,-0.5,2.2
359-U1471A-081X-1-0.69,674.09,21.8,18.671,42.2,2.1,5.7
359-U1471E-010R-1-0.94,674.84,38.5,26.591,43.9,2.3,4.0
359-U1467C-034X-1-1.09,676.69,46.6,14.29,49.8,2.1,6.3
359-U1471E-010R-3-0.2,676.72,10.8,15.771,39.2,2.4,2.1
317-U1352B-078X-1-0.58,677.88,45.1,37.007,40.1,-0.1,1.8
359-U1467C-034X-3-0.25,678.07,44.1,22.801,37.3,1.6,3.8
317-U1351B-078H-1-0.5,678.7,41.1,46.263,52.0,-0.9,4.0
317-U1352C-008R-1-0.81,680.11,27.8,30.826,48.3,-0.7,2.4
317-U1352C-008R-1-0.81,680.11,27.8,30.826,48.3,-0.7,2.4
359-U1468A-092X-1-0.36,680.46,45.5,12.891,51.9,3.2,5.6
359-U1471A-082X-1-0.8,680.9,40.0,16.891,45.1,2.0,6.2
359-U1471E-011R-1-1.02,684.62,38.4,30.777,36.8,2.2,5.0
359-U1467C-035X-1-0.3,685.6,51.2,11.491,55.0,2.0,5.9
359-U1467C-035X-CC-0.21,687.11,52.0,18.836,41.2,1.6,4.0
359-U1467C-035X-CC-0.21,687.11,52.0,18.836,41.2,1.6,4.0
359-U1471E-011R-3-0.82,687.19,9.4,17.054,43.7,2.9,1.4
317-U1352B-079X-1-0.41,687.31,42.0,46.894,45.9,-0.7,1.7
359-U1466B-045R-1-0.15,687.75,43.0,30.269,39.3,2.5,4.8
317-U1352C-009R-1-0.04,689.04,20.6,32.175,35.4,1.3,-2.7
359-U1468A-093X-1-1.06,690.86,45.0,23.387,40.7,2.8,2.8
359-U1466B-046R-1-0.06,692.66,45.1,15.395,52.2,3.7,9.9
359-U1468A-093X-3-0.39,693.19,48.5,27.201,43.0,2.3,9.6
359-U1471E-012R-2-0.8,695.11,16.3,16.067,40.7,2.8,3.7
359-U1467C-036X-2-0.38,696.88,49.0,16.111,55.8,2.4,7.6
317-U1352B-080X-1-0.7,697.2,44.3,46.838,48.5,-0.9,2.1
317-U1352C-010R-1-0.47,699.17,37.7,38.88,47.8,-0.2,-0.2
359-U1468A-094X-1-0.39,699.89,43.7,20.587,50.0,3.6,9.3
317-U1352B-080X-3-0.7,700.2,44.8,51.662,47.6,-0.7,1.5
359-U1467C-036X-4-0.76,700.26,56.1,18.684,62.7,2.6,5.0
317-U1352C-010R-2-1.32,700.66,44.4,48.169,44.3,-0.7,1.2
317-U1352B-080X-5-0.25,702.75,43.7,50.763,49.1,-1.0,2.4
359-U1467C-036X-6-0.9,703.4,51.3,15.895,51.7,1.9,6.4
359-U1466B-047R-1-1.28,703.58,25.8,33.126,47.7,3.0,3.6
359-U1471E-013R-1-1.07,704.07,29.7,17.562,52.7,2.5,2.3
359-U1466B-047R-3-0.47,705.63,45.4,35.93,30.6,2.3,-2.9
359-U1467C-037X-1-0.94,705.64,50.2,12.817,45.5,1.7,2.8
359-U1471E-013R-3-0.81,706.39,31.5,13.857,52.5,3.0,8.4
317-U1352B-081X-1-0.8,706.9,44.6,50.675,41.3,-1.0,1.9
317-U1352B-081X-1-0.8,706.9,44.6,50.675,41.3,-1.0,1.9
359-U1467C-037X-2-1.18,707.17,50.0,25.277,39.5,1.8,1.4
317-U1352C-011R-1-0.7,709.1,48.2,55.468,47.4,-0.8,0.5
317-U1352C-011R-2-0.35,709.67,24.8,33.142,35.1,0.8,-2.0
317-U1352B-081X-3-0.8,709.9,43.8,53.609,47.3,-1.0,1.9
359-U1468A-095X-1-0.7,709.9,45.7,11.324,47.4,2.8,7.7
317-U1352B-082X-1-0.4,710.1,46.6,46.287,48.4,-0.8,2.2
359-U1466B-048R-1-0.19,712.19,34.7,20.021,62.7,2.7,8.9
359-U1471E-014R-2-0.1,714.24,46.1,20.72,38.2,2.3,3.3
359-U1466B-048R-3-0.1,714.39,46.2,31.462,40.8,2.0,5.6
359-U1466B-048R-3-0.1,714.39,46.2,31.462,40.8,2.0,5.6
317-U1352C-012R-1-0.1,718.2,26.3,31.015,42.7,-0.7,2.2
359-U1468A-096X-1-0.02,718.92,45.8,11.442,45.0,2.2,0.2
359-U1468A-096X-1-0.02,718.92,45.8,11.442,45.0,2.2,0.2
359-U1468A-096X-3-0.48,722.3,48.7,18.103,56.6,3.2,8.1
359-U1471E-015R-1-0.07,722.47,17.8,7.94,44.1,2.1,0.1
359-U1466B-049R-1-0.91,722.61,49.7,19.967,50.5,3.0,7.2
359-U1471E-015R-1-0.47,722.87,43.0,20.919,37.8,2.1,2.2
317-U1351B-084X-1-0.19,726.29,40.9,41.275,51.3,-0.6,4.2
317-U1352C-013R-1-0.17,727.97,17.6,24.366,49.6,-1.5,3.6
359-U1471E-016R-1-0.17,732.27,44.9,8.127,58.2,2.9,10.1
359-U1466B-050R-1-0.91,732.31,31.2,23.161,46.4,2.5,4.8
317-U1352B-085X-1-0.8,735.7,42.7,46.825,41.2,0.1,0.7
317-U1352C-014R-1-0.5,738.0,20.96666666666667,33.697,46.4,-1.5,4.0
317-U1352B-085X-3-0.8,738.7,39.3,45.365,42.8,-0.8,3.2
359-U1468A-098X-1-1.0,739.3,45.6,12.571,72.4,3.3,2.1
317-U1352C-014R-2-0.71,739.71,42.7,48.329,42.4,-1.6,4.5
359-U1466B-051R-1-0.27,741.37,45.6,8.441,58.3,2.6,5.6
359-U1471E-017R-1-0.69,742.49,49.8,9.798,60.2,2.6,5.2
317-U1352B-086X-1-0.16,744.66,44.5,43.879,48.9,-0.8,3.6
359-U1471E-017R-3-0.53,744.66,43.2,33.11,24.5,2.3,-3.1
359-U1471E-017R-3-0.86,744.99,42.7,17.054,47.6,2.7,4.4
359-U1468A-099X-1-0.47,748.47,48.5,27.71,52.2,3.2,4.5
317-U1352C-015R-2-0.55,749.11,41.7,42.03,45.1,-0.6,2.9
317-U1352C-015R-2-0.55,749.11,41.7,42.03,45.1,-0.6,2.9
317-U1352C-015R-2-0.57,749.13,40.1,42.03,45.1,-0.6,2.9
317-U1352C-015R-2-0.81,749.37,28.7,35.301,37.8,-0.7,3.4
359-U1471E-018R-1-0.65,752.15,49.3,18.818,44.8,2.1,9.6
359-U1466B-052R-2-1.13,753.19,44.1,22.327,46.4,2.9,6.0
359-U1471E-018R-2-0.5,753.26,46.9,16.013,54.9,2.2,9.1
359-U1471E-018R-4-0.07,754.51,41.5,16.609,60.1,2.3,5.8
317-U1352B-087X-1-0.7,754.8,41.2,44.832,46.7,-0.5,2.3
317-U1351B-088X-1-0.18,755.08,41.9,50.395,46.5,-0.8,3.0
359-U1466B-052R-4-0.85,755.84,45.9,26.709,53.3,3.0,7.3
317-U1351B-088X-2-0.18,756.58,33.7,55.638,54.5,-0.7,2.7
317-U1352C-016R-1-0.245,757.14,36.4,38.436,47.4,-1.2,2.6
317-U1352C-016R-1-0.425,757.32,25.833333333333332,39.79,47.3,-1.0,3.2
317-U1352C-016R-1-0.425,757.32,25.833333333333332,39.79,47.3,-1.0,3.2
359-U1466B-053R-1-0.21,760.71,43.5,19.771,59.2,3.1,5.4
359-U1466B-053R-1-1.19,761.69,44.6,26.834,44.5,2.8,8.5
359-U1471E-019R-1-0.57,761.77,41.8,13.466,60.7,2.7,11.1
359-U1466B-053R-2-0.22,762.07,46.0,36.384,36.2,3.0,-2.9
359-U1466B-053R-2-1.25,763.1,44.6,29.646,33.8,2.8,-3.2
359-U1466B-053R-3-0.17,763.53,46.8,34.818,46.5,2.8,2.6
359-U1466B-053R-3-0.75,764.11,46.7,22.19,38.4,2.4,-0.2
359-U1471E-019R-3-0.44,764.29,43.5,12.393,43.9,2.4,5.6
317-U1351B-089X-1-1.0,765.5,40.6,59.273,42.8,-0.4,2.8
317-U1351B-089X-2-0.4,766.4,39.9,55.17,51.6,-0.5,3.2
317-U1352C-017R-1-0.33,766.93,37.5,36.199,36.8,-0.5,2.4
317-U1352C-017R-2-0.6,768.67,18.7,29.818,55.5,-1.4,3.0
359-U1471E-020R-1-0.1,771.0,43.5,13.124,53.2,3.2,6.0
359-U1466B-054R-2-0.01,771.58,43.95,39.44,33.1,2.7,-6.1
359-U1471E-020R-3-0.5,774.18,36.3,18.803,33.2,1.8,-0.5
317-U1351B-090X-1-1.0,775.1,45.7,48.88,51.7,-0.6,3.1
317-U1352C-018R-1-0.15,776.4500000000002,18.900000000000002,29.667,38.8,-0.7,3.3
317-U1351B-090X-2-1.0,776.6,35.4,57.783,37.7,0.3,0.1
317-U1352C-018R-1-0.86,777.16,39.8,39.021,53.5,-0.8,2.7
317-U1351B-090X-3-1.0,778.1,38.1,57.918,35.2,0.3,0.9
359-U1471E-021R-1-0.74,781.34,41.3,19.984,45.9,2.9,5.8
359-U1466B-055R-2-0.52,781.41,48.8,4.676,41.7,2.4,-0.6
317-U1352B-090X-1-0.37,783.27,40.9,47.999,42.0,-0.4,3.8
359-U1471E-021R-3-0.87,783.73,46.5,14.714,56.2,2.9,5.4
317-U1352C-019R-1-0.07,786.07,21.0,34.401,41.8,-1.8,6.1
317-U1352C-019R-2-0.16,787.66,41.9,41.301,37.7,-1.3,4.6
359-U1466B-056R-1-0.35,789.95,46.9,33.051,52.8,4.1,8.3
359-U1466B-056R-1-0.49,790.09,50.7,64.996,21.5,1.1,-0.2
359-U1466B-056R-1-1.18,790.78,45.4,26.87,71.9,3.4,3.9
359-U1466B-056R-2-0.13,791.02,46.1,7.731,80.6,3.6,2.1
359-U1466B-056R-2-0.44,791.33,38.1,48.563,30.6,2.6,-6.0
359-U1466B-056R-2-0.44,791.33,38.1,48.563,30.6,2.6,-6.0
359-U1466B-056R-2-0.7,791.59,47.5,21.898,41.0,2.6,7.9
359-U1471E-022R-2-0.86,792.71,46.4,19.141,45.9,2.0,2.5
317-U1352B-091X-1-0.39,792.89,40.1,41.236,48.5,-0.9,4.4
317-U1352B-091X-1-0.39,792.89,40.1,41.236,48.5,-0.9,4.4
317-U1351B-092X-1-0.86,794.16,40.4,58.708,46.8,-0.5,3.8
359-U1471E-022R-4-0.49,794.92,41.6,21.986,50.0,2.8,6.7
359-U1471E-022R-4-0.49,794.92,41.6,21.986,50.0,2.8,6.7
317-U1351B-092X-2-1.0,795.8,38.5,59.03,36.2,-0.7,1.2
317-U1352C-020R-1-0.89,796.59,40.9,33.188,45.6,-1.4,4.8
317-U1352C-020R-2-0.14,797.23,23.5,36.494,38.7,-1.0,3.8
359-U1466B-057R-1-0.31,800.31,44.5,43.504,47.5,3.3,0.7
359-U1466B-057R-1-0.62,800.62,45.1,34.001,72.6,3.2,1.5
359-U1471E-023R-2-0.09,801.49,48.0,14.698,57.3,2.7,5.7
359-U1466B-057R-2-0.34,801.61,42.9,7.091,73.5,3.4,4.4
317-U1352B-092X-1-0.41,802.51,40.7,51.95,48.3,-0.8,4.5
359-U1466B-057R-3-0.33,802.73,31.3,16.911,64.7,2.7,-0.2
359-U1466B-057R-3-0.67,803.07,41.2,16.051,55.5,3.7,3.6
359-U1471E-023R-4-0.12,803.69,39.3,14.002,33.5,2.8,-6.6
317-U1351B-093X-1-1.0,804.0,35.5,59.696,34.3,-0.3,0.6
317-U1351B-093X-2-1.0,805.5,38.1,61.12,38.4,-0.6,1.7
317-U1352C-021R-1-0.45,805.85,40.5,39.22,41.3,-1.3,4.8
317-U1352C-021R-1-1.31,806.71,18.133333333333333,32.019,42.2,-1.1,3.1
317-U1351B-093X-3-1.0,807.0,38.5,57.726,37.5,-0.4,1.2
317-U1351B-093X-4-0.79,808.29,36.9,61.978,36.8,-0.5,1.6
359-U1468A-105X-2-1.28,808.98,47.5,9.027,66.1,3.2,1.8
317-U1351B-093X-5-1.0,810.0,36.4,55.6,46.2,-0.6,2.0
359-U1471E-024R-1-0.56,810.26,39.1,15.55,58.1,3.1,7.6
359-U1471E-024R-1-0.56,810.26,39.1,15.55,58.1,3.1,7.6
359-U1468A-105X-4-0.24,810.94,46.2,5.491,79.0,3.1,1.2
317-U1351B-093X-6-0.75,811.25,37.3,58.782,36.9,-0.3,1.6
359-U1471E-024R-3-0.36,812.18,27.6,28.394,36.0,2.8,-0.8
317-U1351B-094X-1-0.75,813.35,38.3,52.542,36.1,0.0,0.6
359-U1468A-105X-6-0.59,813.94,47.4,7.413,69.9,3.8,4.3
317-U1351B-094X-2-0.75,814.85,38.1,60.185,39.9,-1.0,3.0
317-U1352C-022R-1-0.11,815.11,15.466666666666667,31.814,50.8,-1.1,3.1
359-U1468A-106X-1-0.19,816.09,51.7,5.824,73.1,3.5,3.1
317-U1351B-094X-3-0.75,816.35,39.4,59.798,35.2,-0.7,3.7
317-U1352C-022R-2-0.94,817.36,13.0,33.532,46.6,-1.1,1.8
317-U1351B-094X-4-0.7,817.8,39.0,56.622,41.1,-0.7,3.0
317-U1351B-094X-5-0.3,818.5,36.4,51.176,39.5,-0.2,1.1
359-U1468A-106X-3-0.36,819.25,46.6,14.684,76.3,3.2,3.1
359-U1471E-025R-2-0.2,820.99,35.4,16.101,47.7,2.4,7.1
317-U1352B-094X-1-0.12,821.42,40.1,45.221,45.0,-0.5,2.3
359-U1471E-025R-4-0.8,824.51,37.2,16.844,48.6,2.7,9.2
359-U1468A-107X-1-0.13,825.73,42.1,7.34,59.8,3.1,3.3
317-U1352C-023R-2-0.21,825.81,40.3,48.673,38.1,-1.5,4.6
317-U1352C-023R-2-0.52,826.12,15.733333333333333,45.267,46.0,-1.9,5.8
317-U1352C-023R-CC-0.11,826.45,36.5,43.64,45.5,-1.0,1.7
359-U1471E-026R-2-1.15,831.72,48.3,15.787,42.9,2.3,2.1
359-U1471E-026R-4-0.66,833.82,40.2,15.729,51.1,2.9,7.3
317-U1352C-024R-1-0.73,834.93,37.7,46.792,36.8,0.2,-0.5
359-U1468A-108X-1-0.54,835.84,43.4,8.226,56.5,2.8,4.8
317-U1352C-024R-2-0.74,836.37,16.433333333333334,46.008,34.2,-0.7,1.1
359-U1468A-108X-3-1.11,839.41,46.3,13.544,57.4,2.6,3.0
359-U1471E-027R-1-0.92,839.72,39.2,14.281,58.5,3.6,13.1
317-U1351B-097X-1-0.97,842.37,40.9,57.848,44.3,-0.3,1.6
359-U1471E-027R-3-0.89,842.58,42.7,17.454,45.8,2.3,6.6
317-U1351B-097X-2-0.69,843.59,39.4,61.182,40.3,-0.2,1.4
317-U1352C-025R-1-0.47,844.27,18.933333333333334,42.533,41.6,-1.5,2.9
317-U1351B-097X-3-0.13,844.53,31.9,57.76,42.1,-0.4,1.9
359-U1468A-109X-1-0.16,845.16,43.3,5.436,54.8,3.2,4.2
317-U1352C-025R-2-0.43,845.73,25.099999999999998,43.553,33.5,-0.5,1.3
317-U1351B-097X-4-0.43,845.93,48.3,56.368,43.8,-0.6,2.1
359-U1471E-028R-1-0.46,848.96,38.7,13.38,50.0,2.9,6.0
359-U1471E-028R-3-0.85,851.86,40.7,16.801,54.8,2.1,8.9
317-U1352C-026R-1-1.07,854.4699999999999,20.9,32.087,28.7,0.5,0.3
317-U1352C-026R-2-0.37,854.9500000000002,21.8,32.156,42.7,-0.9,2.7
359-U1471E-029R-1-1.1,859.3,41.2,16.411,55.1,2.4,9.6
359-U1471E-029R-3-0.11,861.09,14.0,15.514,40.7,1.8,6.6
359-U1471E-029R-3-0.18,861.16,42.2,15.514,56.5,2.5,7.8
317-U1352C-027R-1-0.15,863.15,38.4,35.033,48.8,-1.1,1.9
317-U1352C-027R-1-0.81,863.81,16.266666666666666,41.351,36.3,-1.3,2.6
317-U1352C-027R-2-0.37,864.37,17.666666666666664,49.209,47.7,-1.1,2.2
359-U1471E-030R-1-1.37,869.27,37.9,10.198,47.0,2.4,5.6
359-U1471E-030R-3-0.65,871.46,32.0,22.704,36.1,2.7,-1.2
317-U1351B-100X-1-1.34,871.64,41.9,50.129,48.7,-0.7,1.3
317-U1351B-100X-2-1.15,872.95,40.3,50.506,40.7,-0.6,1.2
317-U1351B-100X-2-1.15,872.95,40.3,50.506,40.7,-0.6,1.2
317-U1352C-028R-1-0.83,873.43,50.0,44.685,33.9,0.7,-1.8
317-U1351B-100X-3-0.57,873.87,39.4,51.847,34.4,-0.4,1.2
317-U1352C-028R-2-0.83,874.74,34.3,49.388,42.1,-1.2,2.3
317-U1351B-100X-4-0.85,875.65,26.4,51.345,29.1,0.5,0.5
317-U1351B-100X-4-0.85,875.65,26.4,51.345,29.1,0.5,0.5
317-U1351B-100X-5-0.16,876.46,38.5,48.611,30.6,-0.2,0.9
359-U1471E-031R-1-0.17,877.77,35.2,11.585,49.4,2.6,5.8
359-U1471E-031R-3-0.31,880.81,39.2,12.667,44.4,2.5,3.5
317-U1351B-101X-1-1.01,880.91,39.0,53.77,33.0,-0.5,1.3
317-U1351B-101X-2-0.21,881.61,37.9,50.213,35.8,-0.2,0.6
317-U1352C-029R-2-0.82,884.05,43.5,51.628,41.7,-1.2,2.3
317-U1352C-029R-3-0.22,884.5499999999998,21.666666666666668,51.009,49.4,-1.2,1.6
359-U1471E-032R-1-0.17,887.47,23.4,16.012,44.2,2.4,4.3
359-U1471E-032R-3-0.54,890.05,40.1,17.142,42.6,2.3,5.1
317-U1352C-030R-1-0.32,892.12,21.566666666666666,36.813,44.1,-1.3,3.7
359-U1471E-033R-1-0.33,897.33,40.8,15.287,55.6,2.5,7.3
317-U1351B-103X-1-0.82,900.02,37.4,49.728,42.0,-0.8,2.5
359-U1471E-033R-3-0.94,900.45,44.5,14.864,49.8,2.7,4.4
317-U1352C-031R-1-0.39,901.69,36.1,44.169,39.0,-1.0,5.1
317-U1352C-031R-2-0.42,903.18,19.866666666666664,39.643,48.9,-1.4,4.1
359-U1471E-034R-1-0.14,906.84,42.9,12.086,50.4,1.9,7.3
317-U1351B-104X-1-0.18,908.98,43.8,42.456,40.7,-0.8,2.2
317-U1351B-104X-1-0.205,909.0,43.4,47.416,46.6,-0.5,1.4
359-U1471E-034R-3-0.37,909.79,46.1,11.591,63.7,2.5,5.2
317-U1352C-032R-1-0.13,911.0300000000001,23.266666666666666,36.672,48.1,-1.4,4.8
317-U1352C-032R-1-0.38,911.28,37.0,38.566,30.3,0.7,-0.8
317-U1351B-104X-2-1.01,911.31,38.8,53.006,38.2,-0.6,2.1
317-U1351B-104X-3-0.11,911.91,39.7,46.504,43.8,-0.3,0.8
359-U1471E-035R-2-0.3,918.12,47.3,12.334,53.3,2.4,0.3
359-U1471E-035R-4-0.51,920.55,43.7,17.45,46.1,1.4,0.8
317-U1352C-033R-1-0.48,920.98,35.1,44.793,43.4,-1.8,4.4
317-U1352C-033R-1-0.76,921.2599999999999,24.8,42.382,42.4,-1.0,2.7
317-U1352C-033R-3-0.45,923.7,36.4,43.597,37.9,-1.5,4.0
317-U1352C-033R-3-1.31,924.56,23.066666666666666,38.352,48.5,-1.7,3.9
317-U1351B-106X-1-0.5,928.5,40.8,52.313,45.5,-0.8,2.8
359-U1471E-036R-2-1.19,928.86,44.6,16.364,47.9,2.1,1.3
317-U1351B-106X-2-0.5,930.0,36.8,54.26,40.6,-0.3,1.2
317-U1352C-034R-1-0.46,930.56,38.0,43.38,43.4,-1.1,3.5
359-U1471E-036R-4-0.56,930.74,46.1,14.43,65.9,3.2,4.1
317-U1351B-106X-3-0.39,931.39,36.5,56.206,45.4,-0.8,2.8
317-U1352C-034R-2-1.21,932.38,23.833333333333332,38.669,39.6,-1.0,3.7
317-U1352C-034R-3-0.58,933.25,37.6,38.767,36.6,-0.2,2.3
359-U1471E-037R-1-0.53,936.33,42.0,9.356,65.2,2.2,1.4
317-U1351B-107X-1-0.12,937.72,43.1,37.108,31.6,-0.4,2.0
359-U1471E-037R-3-0.46,939.11,41.7,10.803,38.0,1.9,-2.1
317-U1352C-035R-1-0.99,940.69,20.76666666666667,37.425,44.7,-1.1,4.3
317-U1352C-035R-2-0.98,942.18,38.5,41.138,31.6,0.5,-0.1
317-U1352C-035R-3-0.47,943.17,26.833333333333332,45.517,33.7,-0.4,1.5
317-U1352C-035R-CC-0.16,944.3,27.6,18.247,49.6,-1.6,4.4
359-U1471E-038R-1-0.02,945.52,43.1,6.014,38.7,1.6,0.0
359-U1471E-038R-2-0.88,947.78,46.2,9.684,73.0,2.0,1.1
359-U1471E-038R-2-0.88,947.78,46.2,9.684,73.0,2.0,1.1
359-U1471E-038R-3-0.44,948.71,31.7,13.58,60.7,1.5,1.5
359-U1471E-038R-3-0.44,948.71,31.7,13.58,60.7,1.5,1.5
317-U1352C-036R-1-0.66,950.06,37.7,40.608,38.3,-0.1,1.0
317-U1352C-036R-2-0.9,951.7999999999998,25.866666666666664,38.141,44.4,-0.9,2.6
317-U1352C-036R-3-0.35,952.75,25.5,43.166,41.2,-1.2,3.4
359-U1471E-039R-1-0.74,955.94,44.1,7.081,68.4,2.9,0.0
317-U1351B-109X-1-1.17,957.97,41.9,50.01,39.2,-1.3,2.9
359-U1471E-039R-3-0.23,958.37,38.8,10.324,53.8,0.8,2.5
317-U1351B-109X-2-0.75,959.05,39.5,51.012,42.1,-1.0,2.4
317-U1352C-037R-1-0.84,959.84,24.633333333333336,33.951,41.5,-1.1,3.1
317-U1351B-109X-3-0.7,960.5,37.3,43.888,37.8,-1.1,3.5
317-U1352C-037R-2-0.31,960.7199999999999,22.133333333333336,36.126,42.6,-1.1,2.1
317-U1352C-037R-3-0.95,962.61,21.033333333333335,33.208,48.1,-1.5,3.8
317-U1352C-037R-4-0.98,963.84,25.53333333333333,42.391,47.8,-1.2,2.4
359-U1471E-040R-1-0.2,965.1,45.5,9.167,54.6,2.4,1.5
359-U1471E-040R-3-0.28,968.07,39.8,11.037,50.1,2.2,0.6
317-U1352C-038R-1-1.42,969.92,28.099999999999998,36.876,48.6,-1.6,3.9
359-U1471E-041R-1-0.79,970.39,46.1,8.594,59.3,2.5,2.7
359-U1471E-041R-1-0.79,970.39,46.1,8.594,59.3,2.5,2.7
317-U1352C-038R-3-0.07,971.57,24.900000000000002,31.261,39.7,-1.2,3.2
317-U1352C-038R-3-0.07,971.57,24.900000000000002,31.261,39.7,-1.2,3.2
359-U1471E-041R-2-0.58,971.6,32.9,10.55,52.9,1.6,3.2
359-U1471E-041R-3-0.42,972.64,46.0,7.44,14.2,1.7,-5.0
317-U1351B-111X-1-0.0,975.9,28.7,29.328,36.1,-1.1,3.4
317-U1352C-038R-5-1.42,975.92,23.5,32.46,51.4,-1.8,4.8
317-U1352C-038R-5-1.42,975.92,23.5,32.46,51.4,-1.8,4.8
317-U1351B-111X-1-0.29,976.19,40.7,39.439,39.3,-0.8,4.1
359-U1471E-042R-2-0.66,976.76,44.9,9.764,61.9,2.5,4.1
317-U1352C-038R-7-0.41,977.91,24.099999999999998,35.04,38.6,-1.5,4.3
317-U1352C-039R-2-0.2,979.7999999999998,21.966666666666665,27.473,47.4,-1.7,6.1
317-U1352C-039R-2-0.2,979.7999999999998,21.966666666666665,27.473,47.4,-1.7,6.1
359-U1471E-042R-4-0.79,979.88,43.9,10.834,44.1,2.4,0.0
317-U1352C-039R-4-1.27,983.87,23.566666666666666,35.659,35.9,-1.0,2.2
317-U1352C-039R-4-1.27,983.87,23.566666666666666,35.659,35.9,-1.0,2.2
359-U1471E-043R-1-1.29,985.59,41.0,15.132,60.4,2.2,3.4
317-U1351B-112X-1-0.85,986.35,40.2,42.178,38.9,-0.6,3.8
317-U1352C-039R-6-0.87,986.4699999999999,27.233333333333334,37.395,42.6,-2.1,6.2
317-U1351B-112X-2-1.16,988.16,33.0,43.813,43.6,-0.9,3.5
317-U1351B-112X-2-1.16,988.16,33.0,43.813,43.6,-0.9,3.5
359-U1471E-043R-3-1.14,988.2,40.4,16.497,57.3,2.3,4.6
317-U1352C-040R-1-0.57,988.27,20.766666666666666,31.73,45.4,-1.6,6.2
317-U1351B-112X-3-0.66,989.16,37.9,46.802,38.5,-0.5,2.0
317-U1351B-112X-4-0.1,990.1,35.5,43.84,41.0,-0.7,3.4
359-U1471E-043R-5-0.8,990.69,46.1,7.681,49.8,2.1,3.8
317-U1352C-040R-3-0.98,991.4900000000001,22.53333333333333,42.525,38.4,-1.5,5.3
359-U1471E-044R-2-1.07,996.34,42.0,4.627,48.1,1.9,-0.7
317-U1351B-113X-1-1.36,996.46,35.4,39.502,46.9,-0.6,2.4
317-U1351B-113X-2-1.13,997.73,35.9,40.26,40.2,-0.9,3.5
359-U1471E-044R-4-0.4,998.61,41.7,7.14,73.2,2.6,2.3
317-U1352C-041R-2-1.17,999.9699999999999,22.633333333333336,39.483,43.5,-1.7,4.7
317-U1352C-041R-4-0.1,1001.9,43.7,41.602,41.9,,1.8
317-U1352C-041R-6-0.18,1004.48,22.400000000000002,37.195,38.5,-0.9,3.6
317-U1352C-042R-1-0.1,1007.0,16.666666666666668,28.232,50.9,-1.4,4.1
317-U1352C-042R-2-0.37,1008.31,27.1,42.066,36.1,-1.1,5.2
317-U1352C-042R-3-0.13,1009.57,36.0,36.944,38.3,-1.5,5.3
317-U1352C-042R-3-1.32,1010.7599999999999,18.933333333333334,33.732,48.6,-1.5,4.7
317-U1352C-042R-3-1.32,1010.7599999999999,18.933333333333334,33.732,48.6,-1.5,4.7
317-U1352C-043R-1-0.7,1017.2,38.8,40.702,39.6,-1.5,5.2
317-U1352C-043R-1-0.85,1017.35,20.166666666666668,36.408,37.3,-1.6,5.0
317-U1352C-043R-2-0.76,1018.69,20.900000000000002,40.305,39.1,-1.4,3.9
317-U1352C-043R-3-0.31,1019.2400000000001,25.166666666666668,44.096,40.4,-1.6,3.9
317-U1352C-044R-1-0.86,1026.96,20.900000000000002,42.978,41.9,-1.3,3.4
317-U1352C-044R-3-0.71,1029.81,23.566666666666666,42.888,39.7,-1.4,3.5
317-U1352C-044R-4-0.39,1030.87,22.3,42.283,43.2,-1.8,5.8
317-U1352C-044R-4-0.39,1030.87,22.3,42.283,43.2,-1.8,5.8
317-U1352C-044R-5-0.23,1032.07,24.433333333333334,39.876,47.9,-1.3,4.3
317-U1352C-044R-5-0.23,1032.07,24.433333333333334,39.876,47.9,-1.3,4.3
317-U1352C-045R-1-0.82,1036.52,38.1,37.605,37.3,-1.1,5.5
317-U1352C-045R-2-0.93,1038.04,29.53333333333333,39.645,43.2,-1.5,6.3
317-U1352C-045R-2-0.93,1038.04,29.53333333333333,39.645,43.2,-1.5,6.3
317-U1352C-045R-3-0.33,1038.9,20.066666666666666,34.609,41.6,-1.8,4.7
317-U1352C-046R-1-0.38,1045.68,22.23333333333333,35.489,43.8,-1.1,3.9
317-U1352C-046R-2-0.19,1046.93,34.1,33.387,41.3,-1.5,5.3
317-U1352C-046R-3-0.46,1048.7,19.866666666666667,41.623,43.0,-1.3,3.8
317-U1352C-046R-3-0.46,1048.7,19.866666666666667,41.623,43.0,-1.3,3.8
317-U1352C-047R-1-0.5,1055.4,19.499999999999996,36.24,46.6,-1.5,3.6
317-U1352C-047R-2-0.24,1056.42,31.9,33.976,42.5,-1.5,6.9
317-U1352C-047R-3-0.11,1057.63,19.666666666666668,33.62,46.8,-1.6,5.4
317-U1352C-048R-1-0.43,1064.83,31.3,28.927,35.7,-0.2,1.7
317-U1352C-048R-1-0.61,1065.01,18.933333333333334,27.188,44.3,-1.3,5.4
317-U1352C-048R-2-0.29,1066.17,20.8,31.746,48.6,-1.5,5.3
317-U1352C-048R-4-0.06,1068.42,18.6,31.075,39.4,-1.0,4.1
317-U1352C-049R-1-1.04,1074.84,16.76666666666667,30.13,48.6,-1.0,4.1
317-U1352C-049R-1-1.04,1074.84,16.76666666666667,30.13,48.6,-1.0,4.1
317-U1352C-049R-3-0.51,1077.28,21.46666666666667,39.56,49.1,-1.4,4.5
317-U1352C-049R-3-0.63,1077.4,35.7,44.201,43.1,-1.4,4.0
317-U1352C-050R-1-0.55,1083.85,20.133333333333336,39.157,33.4,-0.2,1.5
317-U1352C-050R-3-0.22,1086.52,19.566666666666666,36.223,44.5,-0.9,2.1
317-U1352C-050R-5-0.81,1090.11,21.900000000000002,35.641,40.1,-1.3,3.3
317-U1352C-050R-7-0.43,1092.73,20.8,39.573,40.6,-1.1,3.1
317-U1352C-051R-1-0.4,1093.3,21.333333333333332,36.68,50.3,-1.3,3.0
317-U1352C-051R-3-0.82,1096.69,20.033333333333335,34.871,34.4,0.0,0.9
317-U1352C-051R-4-0.41,1097.78,20.933333333333334,27.697,47.5,-1.5,4.9
317-U1352C-052R-1-1.3,1103.8,18.566666666666666,34.167,49.4,-1.6,3.5
317-U1352C-052R-2-0.63,1104.53,18.400000000000002,38.781,41.3,-1.8,6.2
317-U1352C-053R-1-0.09,1112.19,38.1,24.715,14.9,4.6,-9.4
317-U1352C-053R-2-0.49,1114.03,19.96666666666667,29.947,47.7,-1.2,4.4
317-U1352C-054R-2-0.53,1123.73,32.13333333333333,33.853,37.4,-0.1,1.3
317-U1352C-054R-3-1.11,1125.79,22.033333333333335,33.573,50.8,-1.2,4.0
317-U1352C-055R-2-0.89,1133.39,17.866666666666667,28.021,46.4,-1.5,4.9
317-U1352C-055R-2-0.89,1133.39,17.866666666666667,28.021,46.4,-1.5,4.9
317-U1352C-055R-3-0.84,1134.84,32.4,36.608,40.5,-0.9,3.2
317-U1352C-055R-4-0.34,1135.84,38.5,41.346,42.9,-1.3,4.2
317-U1352C-056R-1-0.46,1141.36,37.5,32.507,40.3,-0.7,2.6
317-U1352C-056R-1-1.12,1142.02,18.1,27.58,42.9,-0.9,2.8
317-U1352C-056R-3-0.39,1144.17,15.166666666666666,27.866,52.0,-1.1,3.1
317-U1352C-056R-4-0.99,1146.27,21.633333333333336,31.311,41.3,-0.9,3.9
317-U1352C-056R-4-1.05,1146.33,26.5,30.656,38.6,-0.8,4.2
317-U1352C-057R-1-0.25,1150.75,32.4,39.439,47.7,-1.0,3.6
317-U1352C-057R-2-0.06,1152.06,26.399999999999995,29.061,41.4,-1.7,4.8
317-U1352C-057R-3-0.44,1153.94,18.03333333333333,27.937,45.7,-0.9,2.9
317-U1352C-058R-1-0.5,1160.6,28.7,37.58,49.8,-0.9,3.1
317-U1352C-058R-3-0.38,1162.72,21.96666666666667,31.436,43.1,-1.2,3.7
317-U1352C-058R-4-0.89,1164.16,39.6,39.216,37.7,-1.6,5.2
317-U1352C-059R-1-1.47,1171.17,26.933333333333334,33.224,44.3,-1.2,4.3
317-U1352C-059R-3-0.39,1173.09,26.766666666666666,30.773,43.2,-1.2,4.6
317-U1352C-059R-5-0.75,1176.45,30.0,33.852,37.9,-0.5,3.8
317-U1352C-059R-7-0.05,1178.75,30.733333333333334,34.261,40.5,-0.3,2.4
317-U1352C-060R-1-0.69,1180.09,27.433333333333334,35.065,51.4,-1.0,3.9
317-U1352C-060R-2-0.91,1181.81,22.5,30.631,44.6,-1.1,4.5
317-U1352C-060R-4-0.68,1184.58,29.8,36.618,45.6,-1.3,4.8
317-U1352C-060R-6-0.69,1187.59,30.666666666666668,35.582,38.6,-0.8,3.0
317-U1352C-060R-6-0.69,1187.59,30.666666666666668,35.582,38.6,-0.8,3.0
317-U1352C-061R-1-0.07,1189.07,27.666666666666668,35.615,37.1,-0.9,3.3
317-U1352C-061R-1-0.59,1189.59,27.933333333333334,47.667,38.2,-0.4,0.5
317-U1352C-061R-1-1.39,1190.39,22.53333333333333,39.302,46.0,-1.2,2.6
317-U1352C-061R-3-0.69,1192.69,28.233333333333334,48.408,38.0,-0.4,0.1
317-U1352C-061R-5-0.51,1195.51,25.03333333333333,38.657,43.6,-0.9,1.7
317-U1352C-061R-5-0.51,1195.51,25.03333333333333,38.657,43.6,-0.9,1.7
317-U1352C-062R-1-1.33,1199.93,26.23333333333333,33.506,48.9,-1.3,3.6
317-U1352C-062R-3-1.34,1202.94,26.733333333333334,46.626,42.9,-1.5,3.6
317-U1352C-062R-3-1.34,1202.94,26.733333333333334,46.626,42.9,-1.5,3.6
317-U1352C-062R-4-1.33,1204.43,29.733333333333334,44.282,46.9,-1.4,2.5
317-U1352C-062R-4-1.33,1204.43,29.733333333333334,44.282,46.9,-1.4,2.5
317-U1352C-062R-6-0.31,1205.91,28.633333333333336,44.629,41.5,-1.2,3.1
317-U1352C-065R-1-0.74,1222.14,22.333333333333332,31.196,39.1,-0.7,3.5
317-U1352C-070R-1-1.09,1247.79,22.0,36.916,42.1,-0.5,2.8
317-U1352C-070R-2-1.27,1249.47,19.566666666666666,33.176,42.9,-1.0,5.0
317-U1352C-070R-4-0.44,1251.6,16.833333333333332,35.53,44.1,-0.8,3.3
317-U1352C-070R-6-1.34,1255.5,21.4,31.452,48.5,-1.2,4.5
317-U1352C-071R-1-0.85,1257.15,23.2,30.781,40.8,-1.3,4.8
317-U1352C-071R-3-0.57,1259.87,26.100000000000005,34.14,42.1,-1.2,4.6
317-U1352C-071R-5-0.6,1262.9,26.46666666666667,31.618,40.7,-1.5,4.7
317-U1352C-071R-7-0.61,1265.91,22.76666666666667,26.033,41.1,-1.6,5.1
317-U1352C-072R-1-0.25,1266.05,23.599999999999998,29.906,46.6,-1.3,4.7
317-U1352C-073R-1-0.38,1275.38,21.966666666666665,28.999,41.9,-1.3,4.6
317-U1352C-073R-2-0.14,1276.64,24.53333333333333,30.521,45.3,-1.5,4.9
317-U1352C-073R-3-0.33,1278.33,23.133333333333336,25.573,47.2,-1.8,5.0
317-U1352C-073R-5-0.69,1281.69,25.833333333333332,37.345,41.1,-1.5,3.9
317-U1352C-076R-1-0.11,1304.01,28.03333333333333,41.998,33.8,-0.8,3.9
317-U1352C-077R-1-0.6,1309.0,21.5,32.845,49.2,-1.6,4.5
317-U1352C-077R-2-0.78,1310.68,22.96666666666667,37.245,36.0,-2.4,7.8
317-U1352C-078R-1-1.27,1314.67,23.03333333333333,45.709,42.5,-2.0,6.4
317-U1352C-078R-3-0.86,1317.2,19.23333333333333,36.168,42.9,-2.1,6.9
317-U1352C-078R-4-0.63,1318.07,24.833333333333332,44.264,51.3,-2.0,7.0
317-U1352C-079R-1-0.2,1318.1,21.066666666666666,34.319,45.6,-1.4,6.9
317-U1352C-079R-2-0.12,1319.52,15.4,41.544,39.2,-1.6,4.3
317-U1352C-079R-2-0.38,1319.78,20.0,35.939,46.7,-1.8,6.1
317-U1352C-079R-2-0.38,1319.78,20.0,35.939,46.7,-1.8,6.1
317-U1352C-080R-1-0.78,1323.68,22.5,39.545,44.4,-1.7,3.4
317-U1352C-080R-3-0.79,1326.69,22.366666666666664,34.905,40.1,-0.8,3.8
317-U1352C-081R-1-0.79,1328.29,21.433333333333334,38.555,36.9,0.1,2.4
317-U1352C-081R-2-1.3,1330.3,28.033333333333335,37.515,44.8,-1.3,4.9
317-U1352C-082R-1-0.23,1332.73,22.96666666666667,34.611,38.9,-1.0,3.7
317-U1352C-085R-2-0.99,1349.19,19.633333333333333,34.711,34.2,0.0,1.4
317-U1352C-085R-3-0.19,1349.89,21.400000000000002,45.512,34.4,0.1,-0.3
317-U1352C-085R-3-0.19,1349.89,21.400000000000002,45.512,34.4,0.1,-0.3
317-U1352C-086R-1-0.0,1351.7,21.933333333333334,34.528,40.8,0.0,-0.3
317-U1352C-085R-4-0.79,1351.99,28.0,54.205,37.5,-0.2,1.0
317-U1352C-086R-2-0.11,1353.27,18.0,27.49,42.7,-0.4,3.7
317-U1352C-087R-1-1.33,1362.73,18.966666666666665,28.112,40.3,-0.8,5.3
317-U1352C-087R-3-0.11,1364.51,19.166666666666668,29.467,42.9,-0.7,4.7
317-U1352C-087R-5-0.23,1367.63,25.53333333333333,36.179,30.3,0.0,1.5
317-U1352C-088R-1-1.33,1372.33,26.46666666666667,33.602,38.3,-0.8,4.4
317-U1352C-088R-1-1.33,1372.33,26.46666666666667,33.602,38.3,-0.8,4.4
317-U1352C-088R-2-0.54,1373.04,27.46666666666667,39.187,37.6,-0.2,2.0
317-U1352C-088R-2-0.54,1373.04,27.46666666666667,39.187,37.6,-0.2,2.0
317-U1352C-088R-4-0.1,1375.5999999999997,23.3,30.455,46.1,-0.8,2.7
317-U1352C-088R-6-0.45,1378.95,24.933333333333334,47.717,35.3,-0.3,0.0
317-U1352C-089R-1-0.5,1381.0999999999997,28.3,41.24,39.6,-0.1,1.1
317-U1352C-089R-1-0.5,1381.0999999999997,28.3,41.24,39.6,-0.1,1.1
317-U1352C-089R-2-0.67,1382.64,22.166666666666668,32.098,46.9,-0.8,3.5
317-U1352C-089R-3-1.22,1384.64,19.366666666666667,25.892,43.4,-1.1,3.7
317-U1352C-089R-4-0.13,1385.02,36.4,42.224,28.8,-0.1,3.1
317-U1352C-089R-CC-0.18,1386.0,29.933333333333334,23.871,43.6,-1.4,4.4
317-U1352C-090R-1-0.02,1390.22,13.1,30.568,43.6,-1.4,4.4
317-U1352C-090R-2-0.57,1392.2699999999998,19.73333333333333,27.983,45.0,-0.8,3.9
317-U1352C-090R-3-0.21,1393.41,20.73333333333333,26.913,43.1,-0.7,2.8
317-U1352C-091R-1-1.26,1401.0600000000002,14.833333333333334,22.669,44.5,-0.6,4.2
317-U1352C-091R-2-1.32,1402.5199999999998,17.099999999999998,20.722,44.7,-0.7,5.7
317-U1352C-091R-4-1.36,1405.5600000000002,17.133333333333336,22.012,45.3,-1.1,4.6
317-U1352C-091R-6-0.93,1407.93,13.266666666666666,20.921,45.4,-0.2,2.5
317-U1352C-091R-7-0.62,1409.01,10.1,20.835,48.3,-0.4,3.6
317-U1352C-092R-CC-0.09,1409.49,14.9,27.473,49.5,-1.2,3.6
317-U1352C-094R-1-0.29,1428.89,18.23333333333333,31.173,38.8,0.5,1.9
317-U1352C-094R-3-0.63,1432.2300000000002,18.833333333333332,31.732,38.8,0.2,1.1
317-U1352C-094R-6-0.53,1436.63,30.6,42.803,32.8,0.8,0.0
317-U1352C-094R-6-0.53,1436.63,30.6,42.803,32.8,0.8,0.0
317-U1352C-094R-7-0.34,1437.9399999999998,17.466666666666665,31.873,51.5,-0.7,2.3
317-U1352C-095R-2-0.39,1440.1899999999998,20.999999999999996,40.236,31.6,0.4,0.5
317-U1352C-095R-3-0.82,1442.12,17.599999999999998,27.685,51.6,-1.1,3.3
317-U1352C-095R-4-0.12,1442.92,17.566666666666666,27.658,49.7,-1.0,4.2
317-U1352C-095R-5-0.84,1445.14,17.400000000000002,27.861,41.9,-0.9,3.6
317-U1352C-099R-1-0.6,1477.5999999999997,17.333333333333332,37.348,40.6,-1.4,4.5
317-U1352C-102R-CC-0.06,1496.46,21.53333333333333,37.348,39.3,-1.4,3.6
317-U1352C-103R-1-0.6,1506.7,18.333333333333332,39.178,31.2,-0.4,2.3
317-U1352C-103R-1-0.6,1506.7,18.333333333333332,39.178,31.2,-0.4,2.3
317-U1352C-103R-2-0.62,1508.22,21.26666666666667,38.648,38.7,-1.0,4.3
317-U1352C-103R-3-0.42,1509.5199999999998,22.066666666666666,39.723,46.1,-0.4,2.1
317-U1352C-103R-5-0.84,1512.9399999999998,18.7,37.091,33.9,0.6,0.0
317-U1352C-103R-7-0.29,1515.39,18.766666666666666,45.466,43.0,-0.7,2.3
317-U1352C-104R-1-0.74,1516.54,17.9,38.988,36.6,1.9,-2.9
317-U1352C-104R-3-0.74,1519.54,16.900000000000002,33.448,39.7,1.3,-1.5
317-U1352C-104R-5-0.74,1522.54,16.9,34.378,48.5,0.2,0.8
317-U1352C-105R-1-0.69,1526.1899999999998,15.066666666666668,34.762,30.6,2.0,-2.7
317-U1352C-105R-2-0.69,1527.6899999999998,13.666666666666666,42.975,39.1,0.2,-0.6
317-U1352C-105R-3-0.69,1529.1899999999998,19.033333333333335,33.962,44.0,0.3,0.8
317-U1352C-105R-6-0.49,1533.22,19.8,29.507,40.5,-0.4,2.9
317-U1352C-106R-1-0.44,1535.64,16.73333333333333,29.48,45.6,-0.7,2.8
317-U1352C-106R-4-0.43,1540.13,16.099999999999998,34.913,32.8,0.7,-0.4
317-U1352C-106R-5-0.39,1541.45,15.733333333333334,34.066,40.9,-0.8,2.0
317-U1352C-106R-6-0.29,1542.35,26.3,31.806,38.3,0.1,0.6
317-U1352C-106R-6-0.29,1542.35,26.3,31.806,38.3,0.1,0.6
317-U1352C-107R-2-0.07,1546.47,15.6,33.301,38.3,-0.5,3.0
317-U1352C-107R-4-0.92,1550.32,16.433333333333334,28.218,45.5,-0.7,3.1
317-U1352C-107R-6-0.65,1553.02,18.0,32.512,39.5,-1.0,2.7
317-U1352C-108R-1-1.05,1555.6500000000003,16.133333333333336,30.796,48.7,-1.0,1.6
317-U1352C-108R-3-0.14,1557.6899999999998,12.800000000000002,22.698,42.5,-0.8,1.5
317-U1352C-108R-4-0.23,1558.93,36.2,25.586,38.6,-0.2,1.5
317-U1352C-109R-1-0.6,1565.0,13.3,25.708,43.5,-0.5,0.9
317-U1352C-109R-1-0.95,1565.3499999999997,7.6000000000000005,25.981,50.5,-1.1,0.9
317-U1352C-109R-2-0.5,1566.24,15.766666666666666,28.323,45.0,-0.9,1.6
317-U1352C-109R-3-0.79,1568.03,22.133333333333336,30.482,39.2,-0.5,2.9
317-U1352C-110R-1-1.06,1575.16,12.899999999999999,20.8,40.5,-0.8,3.4
317-U1352C-110R-2-0.84,1576.41,8.466666666666667,20.881,44.8,-1.2,3.1
317-U1352C-110R-3-0.05,1577.0600000000002,27.3,29.508,46.8,-0.3,2.1
317-U1352C-111R-1-0.85,1584.6500000000003,24.666666666666668,26.805,41.8,-0.7,2.3
317-U1352C-111R-3-0.46,1587.14,11.866666666666665,21.907,52.8,-0.9,3.4
317-U1352C-111R-3-0.46,1587.14,11.866666666666665,21.907,52.8,-0.9,3.4
317-U1352C-111R-4-0.38,1588.49,8.533333333333333,19.446,52.0,-1.0,4.3
317-U1352C-112R-1-0.63,1594.13,9.700000000000001,20.542,42.4,-0.2,1.5
317-U1352C-112R-3-0.53,1596.95,16.566666666666666,24.957,49.5,-0.6,2.5
317-U1352C-113R-2-0.52,1605.22,12.766666666666666,21.087,56.0,0.0,1.9
317-U1352C-113R-4-1.09,1608.79,17.333333333333332,19.763,48.0,0.2,3.7
317-U1352C-113R-6-0.78,1611.33,11.9,20.658,53.7,0.0,3.5
317-U1352C-114R-1-0.21,1613.11,13.533333333333331,19.896,43.6,0.1,3.2
317-U1352C-114R-3-1.09,1616.99,14.933333333333332,19.593,49.7,-0.1,5.2
317-U1352C-114R-4-0.51,1617.91,18.2,21.77,42.0,0.2,4.1
317-U1352C-114R-4-0.62,1618.0199999999998,13.5,18.555,53.0,0.0,4.0
317-U1352C-114R-7-0.69,1622.05,14.233333333333334,13.722,52.5,0.3,2.6
317-U1352C-115R-1-1.22,1623.92,13.533333333333331,13.569,57.0,-0.1,5.7
317-U1352C-115R-3-0.86,1626.5600000000002,12.033333333333331,15.545,46.6,0.1,2.9
317-U1352C-115R-3-0.86,1626.5600000000002,12.033333333333331,15.545,46.6,0.1,2.9
317-U1352C-115R-4-0.39,1627.59,12.9,16.653,61.5,0.0,3.9
317-U1352C-115R-6-0.82,1631.0199999999998,11.366666666666667,16.751,51.6,-0.4,4.7
317-U1352C-116R-1-0.39,1632.79,11.699999999999998,15.976,46.4,-0.3,5.6
317-U1352C-116R-2-0.39,1634.29,11.899999999999999,20.493,61.2,-0.4,4.4
317-U1352C-116R-3-0.44,1635.84,12.633333333333333,21.593,46.2,0.0,4.1
317-U1352C-117R-1-0.39,1642.49,11.933333333333332,23.166,46.4,-0.3,2.1
317-U1352C-117R-2-1.42,1644.1899999999998,12.566666666666668,16.234,53.9,-0.3,2.6
317-U1352C-117R-4-1.39,1647.16,11.866666666666665,22.636,40.6,-0.2,3.2
317-U1352C-117R-6-0.28,1649.05,11.833333333333334,19.203,49.4,-0.3,2.5
317-U1352C-117R-8-0.09,1651.5600000000002,13.0,15.135,50.5,0.0,2.9
317-U1352C-118R-2-0.21,1652.42,12.166666666666666,18.179,49.0,0.1,2.7
317-U1352C-118R-2-0.7,1652.91,13.5,16.722,42.9,0.0,2.2
317-U1352C-118R-3-0.68,1654.39,19.2,21.845,48.7,-0.2,2.9
317-U1352C-118R-4-1.15,1656.36,15.933333333333332,20.276,38.9,1.0,-0.5
317-U1352C-118R-5-0.55,1657.26,13.1,21.333,44.4,0.3,1.6
317-U1352C-118R-8-0.56,1660.96,12.800000000000002,20.123,39.9,-0.2,4.3
317-U1352C-119R-1-0.79,1662.29,18.8,24.277,43.9,-0.7,2.5
317-U1352C-119R-2-1.47,1664.47,12.9,23.944,37.0,-0.2,1.4
317-U1352C-119R-4-0.67,1666.67,12.200000000000001,24.426,52.7,-1.0,3.8
317-U1352C-119R-6-0.07,1669.07,12.200000000000001,19.426,38.6,-0.7,4.5
317-U1352C-120R-CC-0.35,1669.25,13.4,18.624,44.2,-1.5,4.1
317-U1352C-122R-1-1.23,1689.33,14.6,18.031,44.4,-1.3,4.3
317-U1352C-122R-2-0.67,1690.2699999999998,15.033333333333331,18.208,48.7,-0.9,2.8
317-U1352C-122R-2-0.67,1690.2699999999998,15.033333333333331,18.208,48.7,-0.9,2.8
317-U1352C-123R-1-0.75,1693.25,19.866666666666664,21.035,37.8,0.3,1.3
317-U1352C-123R-2-0.65,1694.6500000000003,15.200000000000001,16.492,42.7,-0.3,3.5
317-U1352C-123R-3-0.51,1695.9399999999998,14.233333333333334,18.64,54.2,-0.7,2.3
317-U1352C-123R-4-0.44,1696.87,14.633333333333335,15.667,49.6,-1.1,2.6
317-U1352C-124R-1-0.56,1698.0600000000002,15.566666666666668,17.097,57.1,-1.0,2.3
317-U1352C-124R-3-1.37,1701.8100000000002,14.299999999999999,13.816,55.7,-0.5,5.8
317-U1352C-124R-4-0.78,1702.72,16.0,15.022,42.7,-0.9,3.2
317-U1352C-124R-6-1.0,1705.9399999999998,15.133333333333333,19.852,37.5,-0.8,2.7
317-U1352C-125R-1-1.39,1708.39,14.333333333333334,17.562,45.2,-1.4,4.2
317-U1352C-125R-3-1.17,1711.17,14.533333333333333,19.562,50.6,-1.7,3.7
317-U1352C-125R-5-1.15,1714.1500000000003,16.033333333333335,22.559,46.5,-1.8,2.9
317-U1352C-126R-2-0.84,1718.9399999999998,15.533333333333333,20.097,56.5,-0.8,2.0
317-U1352C-126R-4-0.82,1721.82,17.466666666666665,21.451,52.7,-0.6,0.9
317-U1352C-126R-6-0.53,1724.3,18.5,17.653,43.8,-0.7,1.1
317-U1352C-127R-1-0.41,1726.61,18.5,20.12,55.574999999999996,-1.175,1.1
317-U1352C-127R-2-0.36,1728.0600000000002,18.533333333333335,17.312,51.4,-1.5,3.2
317-U1352C-127R-2-0.36,1728.0600000000002,18.533333333333335,17.312,51.4,-1.5,3.2
317-U1352C-127R-4-0.46,1731.0199999999998,18.933333333333334,19.56,50.5,-1.6,2.4
317-U1352C-128R-1-0.57,1736.37,17.73333333333333,12.717,46.9,-0.1,1.4
317-U1352C-128R-2-0.29,1737.59,19.03333333333333,13.929,53.1,-0.7,3.8
317-U1352C-128R-4-0.62,1740.78,18.8,18.912,42.3,-0.5,0.8
317-U1352C-128R-6-0.07,1742.67,18.433333333333334,12.978,44.8,-0.9,1.1
317-U1352C-129R-1-0.02,1745.42,17.933333333333334,9.418,54.2,-1.2,1.8
317-U1352C-129R-2-1.37,1748.21,15.733333333333334,14.712,53.6,-1.6,4.3
317-U1352C-130R-2-0.69,1757.1899999999998,14.866666666666665,14.985,32.4,0.3,-0.6
317-U1352C-130R-2-1.31,1757.8100000000002,13.766666666666666,16.189,44.7,-1.5,2.0
317-U1352C-130R-4-0.75,1760.16,13.6,15.198,56.6,-1.5,3.1
317-U1352C-130R-4-0.75,1760.16,13.6,15.198,56.6,-1.5,3.1
317-U1352C-130R-4-0.81,1760.22,17.9,14.294,56.6,-1.6,2.6
317-U1352C-131R-1-1.08,1765.68,14.7,8.934,44.3,-0.7,2.7
317-U1352C-131R-2-0.11,1766.13,15.799999999999997,12.868,53.7,-1.0,2.9
317-U1352C-131R-3-0.32,1767.8100000000002,10.266666666666667,12.219,48.9,-0.9,1.7
317-U1352C-131R-CC-0.04,1769.09,13.266666666666666,8.954,43.7,-1.1,2.7
317-U1352C-132R-1-0.31,1774.51,20.0,9.606,54.6,-0.9,4.1
317-U1352C-132R-2-0.61,1776.28,20.8,9.108,62.7,-0.8,2.5
317-U1352C-132R-3-0.07,1776.84,21.366666666666664,18.571,40.2,-1.0,2.9
317-U1352C-132R-3-0.49,1777.26,22.5,14.023,55.7,-1.6,3.1
317-U1352C-133R-1-1.01,1784.8100000000002,18.666666666666668,9.595,57.5,-0.7,2.7
317-U1352C-133R-2-1.44,1786.74,21.533333333333335,14.956,63.6,-0.8,5.0
317-U1352C-133R-2-1.44,1786.74,21.533333333333335,14.956,63.6,-0.8,5.0
317-U1352C-133R-3-0.58,1787.34,20.566666666666666,9.45,51.8,-1.0,4.5
317-U1352C-133R-4-0.95,1789.03,16.099999999999998,13.091,53.6,-0.9,3.0
317-U1352C-133R-4-0.95,1789.03,16.099999999999998,13.091,53.6,-0.9,3.0
317-U1352C-134R-1-0.53,1793.93,12.5,14.393,55.75,-1.05,2.5999999999999996
317-U1352C-134R-2-0.23,1794.86,14.366666666666667,10.772,38.3,0.1,0.7
317-U1352C-134R-3-0.72,1796.5999999999997,16.266666666666666,10.118,45.2,-1.2,2.5
317-U1352C-135R-1-0.85,1803.8499999999997,13.133333333333333,13.081,63.9,-1.2,2.8
317-U1352C-135R-3-0.88,1806.7699999999998,12.9,14.777,30.4,-0.5,0.7
317-U1352C-135R-5-0.54,1809.28,13.066666666666668,13.597,60.1,-1.5,1.7
317-U1352C-136R-1-0.39,1813.09,14.1,14.946,58.3,-0.8,3.9
317-U1352C-136R-2-1.21,1815.33,21.2,10.282,59.9,-1.0,2.6
317-U1352C-136R-3-1.27,1816.86,15.9,15.462,65.9,-0.6,2.4
317-U1352C-136R-5-0.26,1818.8499999999997,10.466666666666667,9.052,52.0,-0.1,2.1
317-U1352C-137R-2-0.42,1824.22,10.200000000000001,12.44,55.3,-1.0,2.3
317-U1352C-137R-3-1.12,1826.42,9.3,11.174,56.1,-1.1,1.6
317-U1352C-137R-4-0.57,1827.26,14.9,13.437,50.1,-0.9,2.9
317-U1352C-137R-4-1.2,1827.89,9.799999999999999,8.502,59.4,-0.8,4.2
317-U1352C-137R-4-1.2,1827.89,9.799999999999999,8.502,59.4,-0.8,4.2
317-U1352C-137R-5-0.73,1828.92,12.233333333333334,13.468,56.9,-1.3,1.1
317-U1352C-138R-1-0.22,1832.12,19.833333333333332,17.152,61.0,-0.7,2.6
317-U1352C-138R-4-0.12,1836.51,10.5,8.89,67.4,-0.7,2.9
317-U1352C-138R-6-0.15,1839.54,10.000000000000002,13.308,62.2,-1.0,3.2
317-U1352C-138R-6-0.94,1840.33,9.966666666666667,10.117,43.3,-0.3,1.0
317-U1352C-139R-1-0.86,1842.36,9.1,7.744,68.0,-0.4,2.1
317-U1352C-139R-3-0.57,1845.03,11.766666666666666,7.687,66.2,-0.6,2.9
317-U1352C-139R-4-0.02,1845.91,13.166666666666666,31.778,57.3,-1.9,2.8
317-U1352C-140R-1-0.67,1851.7699999999998,12.366666666666665,5.495,64.2,-0.2,2.6
317-U1352C-140R-2-0.34,1852.5,13.4,11.406,41.5,0.3,0.3
317-U1352C-140R-2-0.51,1852.67,10.6,3.471,54.6,-0.4,2.4
317-U1352C-141R-1-0.94,1861.74,21.366666666666664,2.107,77.5,-0.3,3.5
317-U1352C-141R-2-0.32,1862.34,8.6,6.636,65.0,-0.4,5.4
317-U1352C-142R-1-0.67,1871.07,8.7,2.122,59.7,0.0,2.0
317-U1352C-143R-1-0.82,1875.82,9.266666666666667,4.704,74.9,-0.5,5.0
317-U1352C-143R-2-0.68,1877.18,9.5,4.928,80.2,-0.7,4.8
317-U1352C-143R-3-0.78,1878.72,6.733333333333333,5.872,35.6,0.7,0.5
317-U1352C-144R-1-0.78,1880.78,9.200000000000001,5.342,56.2,1.6,-2.5
317-U1352C-144R-2-0.51,1881.99,10.366666666666667,5.08,75.8,0.5,0.4
317-U1352C-144R-3-0.6,1883.55,7.766666666666667,4.175,73.8,1.1,1.6
317-U1352C-144R-4-0.05,1884.22,7.8,3.611,81.8,0.8,2.2
317-U1352C-145R-1-0.36,1889.86,7.9,4.426,38.3,1.1,-1.7
317-U1352C-145R-1-1.23,1890.7300000000002,11.5,5.189,46.1,0.1,1.5
317-U1352C-145R-3-0.46,1892.91,12.4,4.3,72.7,-0.4,3.6
317-U1352C-146R-1-0.98,1899.68,12.066666666666668,2.717,58.8,0.3,2.3
317-U1352C-146R-1-0.98,1899.68,12.066666666666668,2.717,58.8,0.3,2.3
317-U1352C-146R-3-0.8,1902.5,10.533333333333333,4.417,59.6,0.3,3.9
317-U1352C-147R-1-0.6,1908.9000000000003,8.966666666666667,4.578,74.0,-0.7,5.5
317-U1352C-147R-3-0.36,1911.57,10.8,6.046,72.7,-0.9,4.8
317-U1352C-147R-5-0.96,1915.0600000000002,12.166666666666666,9.447,59.4,-1.8,4.0
317-U1352C-147R-5-1.13,1915.23,15.0,12.999,65.6,-1.2,5.1
317-U1352C-148R-1-0.42,1918.32,11.9,9.74,40.6,0.3,-0.2
317-U1352C-148R-2-1.16,1920.5600000000002,11.799999999999999,9.905,75.2,-1.7,3.5
317-U1352C-148R-2-1.16,1920.5600000000002,11.799999999999999,9.905,75.2,-1.7,3.5
317-U1352C-148R-3-0.08,1920.93,11.433333333333335,8.778,44.2,-1.0,2.7
317-U1352C-148R-3-0.4,1921.25,19.2,11.997,49.0,-2.1,3.1
317-U1352C-148R-3-0.4,1921.25,19.2,11.997,49.0,-2.1,3.1
317-U1352C-148R-5-0.59,1924.03,13.466666666666667,5.753,33.8,0.5,-0.4
